# Southern Pacific Time-Table.
## 
### 
Toward San Francisco.
SAN RKD- PAI-O SAN PACIFIC
FRAN. WOOD ALTO JOSE GKOVE
6 36a 5 13a 5 00a 4 30a
*6 46 *5 43 *5 30
*8 00 *6 51 *6 40 *6 10
8 36 7 38 7 27 7 00
*9 05 *8 06 *7 55 *7 21
10 45 9 26 9 15 8 45
12 15 11 22 11 13 10 50
I 20 12 03 11 52 11 20
410 315 3 06p 2 40p 10 00
5 36 4 29 4 18 3 45
6 30 5 13 5 02 4 30
7 30 6 26 6 14 5 36
*9 45 8 26 8 15 7 45
*9 45 *8 26 *8 15
From San Fkancibco.
6 10a 7 27a 7 40a 8 15a
7 00 8 03 8 14 8 45
900 959 10 10 10 48 2 05p
10 30 11 35 11 45 12 20
11 30 12 34p 12 46p 1 23p
1 30p 230 242 315
3 30 4 34 4 44 5 15
*4 45 *5 46 *5 58 *6 35
5 30 6 25 6 36 7 05
*6 15 *7 19 *7 30
6 30 7 35 7 45 8 20
II 30 12 24 12 33 +12 58
* Daily except Sunday. fSaturday only,
t Sunday only.
Toward San Francisco.
SAN RKD- PAI-O SAN PACIFIC
FRAN. WOOD ALTO JOSE GKOVE
6 36a 5 13a 5 00a 4 30a
*6 46 *5 43 *5 30
*8 00 *6 51 *6 40 *6 10
8 36 7 38 7 27 7 00
*9 05 *8 06 *7 55 *7 21
10 45 9 26 9 15 8 45
12 15 11 22 11 13 10 50
I 20 12 03 11 52 11 20
410 315 3 06p 2 40p 10 00
5 36 4 29 4 18 3 45
6 30 5 13 5 02 4 30
7 30 6 26 6 14 5 36
*9 45 8 26 8 15 7 45
*9 45 *8 26 *8 15
From San Fkancibco.
6 10a 7 27a 7 40a 8 15a
7 00 8 03 8 14 8 45
900 959 10 10 10 48 2 05p
10 30 11 35 11 45 12 20
11 30 12 34p 12 46p 1 23p
1 30p 230 242 315
3 30 4 34 4 44 5 15
*4 45 *5 46 *5 58 *6 35
5 30 6 25 6 36 7 05
*6 15 *7 19 *7 30
6 30 7 35 7 45 8 20
II 30 12 24 12 33 +12 58
* Daily except Sunday. fSaturday only,
t Sunday only.
Toward San Francisco.
SAN RKD- PAI-O SAN PACIFIC
FRAN. WOOD ALTO JOSE GKOVE
6 36a 5 13a 5 00a 4 30a
*6 46 *5 43 *5 30
*8 00 *6 51 *6 40 *6 10
8 36 7 38 7 27 7 00
*9 05 *8 06 *7 55 *7 21
10 45 9 26 9 15 8 45
12 15 11 22 11 13 10 50
I 20 12 03 11 52 11 20
410 315 3 06p 2 40p 10 00
5 36 4 29 4 18 3 45
6 30 5 13 5 02 4 30
7 30 6 26 6 14 5 36
*9 45 8 26 8 15 7 45
*9 45 *8 26 *8 15
From San Fkancibco.
6 10a 7 27a 7 40a 8 15a
7 00 8 03 8 14 8 45
900 959 10 10 10 48 2 05p
10 30 11 35 11 45 12 20
11 30 12 34p 12 46p 1 23p
1 30p 230 242 315
3 30 4 34 4 44 5 15
*4 45 *5 46 *5 58 *6 35
5 30 6 25 6 36 7 05
*6 15 *7 19 *7 30
6 30 7 35 7 45 8 20
II 30 12 24 12 33 +12 58
* Daily except Sunday. fSaturday only,
t Sunday only.
Toward San Francisco.
SAN RKD- PAI-O SAN PACIFIC
FRAN. WOOD ALTO JOSE GKOVE
6 36a 5 13a 5 00a 4 30a
*6 46 *5 43 *5 30
*8 00 *6 51 *6 40 *6 10
8 36 7 38 7 27 7 00
*9 05 *8 06 *7 55 *7 21
10 45 9 26 9 15 8 45
12 15 11 22 11 13 10 50
I 20 12 03 11 52 11 20
410 315 3 06p 2 40p 10 00
5 36 4 29 4 18 3 45
6 30 5 13 5 02 4 30
7 30 6 26 6 14 5 36
*9 45 8 26 8 15 7 45
*9 45 *8 26 *8 15
From San Fkancibco.
6 10a 7 27a 7 40a 8 15a
7 00 8 03 8 14 8 45
900 959 10 10 10 48 2 05p
10 30 11 35 11 45 12 20
11 30 12 34p 12 46p 1 23p
1 30p 230 242 315
3 30 4 34 4 44 5 15
*4 45 *5 46 *5 58 *6 35
5 30 6 25 6 36 7 05
*6 15 *7 19 *7 30
6 30 7 35 7 45 8 20
II 30 12 24 12 33 +12 58
* Daily except Sunday. fSaturday only,
t Sunday only.
Toward San Francisco.
SAN RKD- PAI-O SAN PACIFIC
FRAN. WOOD ALTO JOSE GKOVE
6 36a 5 13a 5 00a 4 30a
*6 46 *5 43 *5 30
*8 00 *6 51 *6 40 *6 10
8 36 7 38 7 27 7 00
*9 05 *8 06 *7 55 *7 21
10 45 9 26 9 15 8 45
12 15 11 22 11 13 10 50
I 20 12 03 11 52 11 20
410 315 3 06p 2 40p 10 00
5 36 4 29 4 18 3 45
6 30 5 13 5 02 4 30
7 30 6 26 6 14 5 36
*9 45 8 26 8 15 7 45
*9 45 *8 26 *8 15
From San Fkancibco.
6 10a 7 27a 7 40a 8 15a
7 00 8 03 8 14 8 45
900 959 10 10 10 48 2 05p
10 30 11 35 11 45 12 20
11 30 12 34p 12 46p 1 23p
1 30p 230 242 315
3 30 4 34 4 44 5 15
*4 45 *5 46 *5 58 *6 35
5 30 6 25 6 36 7 05
*6 15 *7 19 *7 30
6 30 7 35 7 45 8 20
II 30 12 24 12 33 +12 58
* Daily except Sunday. fSaturday only,
t Sunday only.
Toward San Francisco.
SAN RKD- PAI-O SAN PACIFIC
FRAN. WOOD ALTO JOSE GKOVE
6 36a 5 13a 5 00a 4 30a
*6 46 *5 43 *5 30
*8 00 *6 51 *6 40 *6 10
8 36 7 38 7 27 7 00
*9 05 *8 06 *7 55 *7 21
10 45 9 26 9 15 8 45
12 15 11 22 11 13 10 50
I 20 12 03 11 52 11 20
410 315 3 06p 2 40p 10 00
5 36 4 29 4 18 3 45
6 30 5 13 5 02 4 30
7 30 6 26 6 14 5 36
*9 45 8 26 8 15 7 45
*9 45 *8 26 *8 15
From San Fkancibco.
6 10a 7 27a 7 40a 8 15a
7 00 8 03 8 14 8 45
900 959 10 10 10 48 2 05p
10 30 11 35 11 45 12 20
11 30 12 34p 12 46p 1 23p
1 30p 230 242 315
3 30 4 34 4 44 5 15
*4 45 *5 46 *5 58 *6 35
5 30 6 25 6 36 7 05
*6 15 *7 19 *7 30
6 30 7 35 7 45 8 20
II 30 12 24 12 33 +12 58
* Daily except Sunday. fSaturday only,
t Sunday only.
Toward San Francisco.
SAN RKD- PAI-O SAN PACIFIC
FRAN. WOOD ALTO JOSE GKOVE
6 36a 5 13a 5 00a 4 30a
*6 46 *5 43 *5 30
*8 00 *6 51 *6 40 *6 10
8 36 7 38 7 27 7 00
*9 05 *8 06 *7 55 *7 21
10 45 9 26 9 15 8 45
12 15 11 22 11 13 10 50
I 20 12 03 11 52 11 20
410 315 3 06p 2 40p 10 00
5 36 4 29 4 18 3 45
6 30 5 13 5 02 4 30
7 30 6 26 6 14 5 36
*9 45 8 26 8 15 7 45
*9 45 *8 26 *8 15
From San Fkancibco.
6 10a 7 27a 7 40a 8 15a
7 00 8 03 8 14 8 45
900 959 10 10 10 48 2 05p
10 30 11 35 11 45 12 20
11 30 12 34p 12 46p 1 23p
1 30p 230 242 315
3 30 4 34 4 44 5 15
*4 45 *5 46 *5 58 *6 35
5 30 6 25 6 36 7 05
*6 15 *7 19 *7 30
6 30 7 35 7 45 8 20
II 30 12 24 12 33 +12 58
* Daily except Sunday. fSaturday only,
t Sunday only.
Toward San Francisco.
SAN RKD- PAI-O SAN PACIFIC
FRAN. WOOD ALTO JOSE GKOVE
6 36a 5 13a 5 00a 4 30a
*6 46 *5 43 *5 30
*8 00 *6 51 *6 40 *6 10
8 36 7 38 7 27 7 00
*9 05 *8 06 *7 55 *7 21
10 45 9 26 9 15 8 45
12 15 11 22 11 13 10 50
I 20 12 03 11 52 11 20
410 315 3 06p 2 40p 10 00
5 36 4 29 4 18 3 45
6 30 5 13 5 02 4 30
7 30 6 26 6 14 5 36
*9 45 8 26 8 15 7 45
*9 45 *8 26 *8 15
From San Fkancibco.
6 10a 7 27a 7 40a 8 15a
7 00 8 03 8 14 8 45
900 959 10 10 10 48 2 05p
10 30 11 35 11 45 12 20
11 30 12 34p 12 46p 1 23p
1 30p 230 242 315
3 30 4 34 4 44 5 15
*4 45 *5 46 *5 58 *6 35
5 30 6 25 6 36 7 05
*6 15 *7 19 *7 30
6 30 7 35 7 45 8 20
II 30 12 24 12 33 +12 58
* Daily except Sunday. fSaturday only,
t Sunday only.
