# Toward San Francisco.
## 
### 
SAN HUD- PALO SAN PACIFIC
FRAN. WOOD ALTO JOSK (3HOVK
6 40a 5 13ft 5 00« 4 30a
*8 00 *(» 51 *6 40 *6 10
8 36 7 41 7 30 7 05
*9 00 *8 10 *7 58 *7 20 . .. .
9 46 8 43 8 31 8 00
*10 45 *9 51 *9 44 *9 20 *6 15
130 p 12 12p 11 59 11 25
4 10 3 15 3 06 2 40
5 30 4 15 4 04 3 30
6 30 4 58 4 40 4 00
7 30 6 17 6 08 5 35 2 30
From San Francibco.
6 10a 7 41a 7 51a 830
7 00 8 10 8 21 9 00
9 (10 10 07 10 19 10 55 220
10 30 11 40 11 51 12 30
11 30 12 44 p 12 56p 1 30p
*2 45p *3 39 *3 48 *4 15 *6 40p
3 30 4 37 4 48 5 25
*4 15 *5 11 *5 20 *5 50
*5 00 *5 55 *6 08 *6 40
5 30 6 25 6 36 7 02
6 30 7 42 7 55 8 30
til 45 +12 51 +1 01 +1 30
"Daily except Sunday. {Saturday only.
SAN HUD- PALO SAN PACIFIC
FRAN. WOOD ALTO JOSK (3HOVK
6 40a 5 13ft 5 00« 4 30a
*8 00 *(» 51 *6 40 *6 10
8 36 7 41 7 30 7 05
*9 00 *8 10 *7 58 *7 20 . .. .
9 46 8 43 8 31 8 00
*10 45 *9 51 *9 44 *9 20 *6 15
130 p 12 12p 11 59 11 25
4 10 3 15 3 06 2 40
5 30 4 15 4 04 3 30
6 30 4 58 4 40 4 00
7 30 6 17 6 08 5 35 2 30
From San Francibco.
6 10a 7 41a 7 51a 830
7 00 8 10 8 21 9 00
9 (10 10 07 10 19 10 55 220
10 30 11 40 11 51 12 30
11 30 12 44 p 12 56p 1 30p
*2 45p *3 39 *3 48 *4 15 *6 40p
3 30 4 37 4 48 5 25
*4 15 *5 11 *5 20 *5 50
*5 00 *5 55 *6 08 *6 40
5 30 6 25 6 36 7 02
6 30 7 42 7 55 8 30
til 45 +12 51 +1 01 +1 30
"Daily except Sunday. {Saturday only.
SAN HUD- PALO SAN PACIFIC
FRAN. WOOD ALTO JOSK (3HOVK
6 40a 5 13ft 5 00« 4 30a
*8 00 *(» 51 *6 40 *6 10
8 36 7 41 7 30 7 05
*9 00 *8 10 *7 58 *7 20 . .. .
9 46 8 43 8 31 8 00
*10 45 *9 51 *9 44 *9 20 *6 15
130 p 12 12p 11 59 11 25
4 10 3 15 3 06 2 40
5 30 4 15 4 04 3 30
6 30 4 58 4 40 4 00
7 30 6 17 6 08 5 35 2 30
From San Francibco.
6 10a 7 41a 7 51a 830
7 00 8 10 8 21 9 00
9 (10 10 07 10 19 10 55 220
10 30 11 40 11 51 12 30
11 30 12 44 p 12 56p 1 30p
*2 45p *3 39 *3 48 *4 15 *6 40p
3 30 4 37 4 48 5 25
*4 15 *5 11 *5 20 *5 50
*5 00 *5 55 *6 08 *6 40
5 30 6 25 6 36 7 02
6 30 7 42 7 55 8 30
til 45 +12 51 +1 01 +1 30
"Daily except Sunday. {Saturday only.
SAN HUD- PALO SAN PACIFIC
FRAN. WOOD ALTO JOSK (3HOVK
6 40a 5 13ft 5 00« 4 30a
*8 00 *(» 51 *6 40 *6 10
8 36 7 41 7 30 7 05
*9 00 *8 10 *7 58 *7 20 . .. .
9 46 8 43 8 31 8 00
*10 45 *9 51 *9 44 *9 20 *6 15
130 p 12 12p 11 59 11 25
4 10 3 15 3 06 2 40
5 30 4 15 4 04 3 30
6 30 4 58 4 40 4 00
7 30 6 17 6 08 5 35 2 30
From San Francibco.
6 10a 7 41a 7 51a 830
7 00 8 10 8 21 9 00
9 (10 10 07 10 19 10 55 220
10 30 11 40 11 51 12 30
11 30 12 44 p 12 56p 1 30p
*2 45p *3 39 *3 48 *4 15 *6 40p
3 30 4 37 4 48 5 25
*4 15 *5 11 *5 20 *5 50
*5 00 *5 55 *6 08 *6 40
5 30 6 25 6 36 7 02
6 30 7 42 7 55 8 30
til 45 +12 51 +1 01 +1 30
"Daily except Sunday. {Saturday only.
SAN HUD- PALO SAN PACIFIC
FRAN. WOOD ALTO JOSK (3HOVK
6 40a 5 13ft 5 00« 4 30a
*8 00 *(» 51 *6 40 *6 10
8 36 7 41 7 30 7 05
*9 00 *8 10 *7 58 *7 20 . .. .
9 46 8 43 8 31 8 00
*10 45 *9 51 *9 44 *9 20 *6 15
130 p 12 12p 11 59 11 25
4 10 3 15 3 06 2 40
5 30 4 15 4 04 3 30
6 30 4 58 4 40 4 00
7 30 6 17 6 08 5 35 2 30
From San Francibco.
6 10a 7 41a 7 51a 830
7 00 8 10 8 21 9 00
9 (10 10 07 10 19 10 55 220
10 30 11 40 11 51 12 30
11 30 12 44 p 12 56p 1 30p
*2 45p *3 39 *3 48 *4 15 *6 40p
3 30 4 37 4 48 5 25
*4 15 *5 11 *5 20 *5 50
*5 00 *5 55 *6 08 *6 40
5 30 6 25 6 36 7 02
6 30 7 42 7 55 8 30
til 45 +12 51 +1 01 +1 30
"Daily except Sunday. {Saturday only.
SAN HUD- PALO SAN PACIFIC
FRAN. WOOD ALTO JOSK (3HOVK
6 40a 5 13ft 5 00« 4 30a
*8 00 *(» 51 *6 40 *6 10
8 36 7 41 7 30 7 05
*9 00 *8 10 *7 58 *7 20 . .. .
9 46 8 43 8 31 8 00
*10 45 *9 51 *9 44 *9 20 *6 15
130 p 12 12p 11 59 11 25
4 10 3 15 3 06 2 40
5 30 4 15 4 04 3 30
6 30 4 58 4 40 4 00
7 30 6 17 6 08 5 35 2 30
From San Francibco.
6 10a 7 41a 7 51a 830
7 00 8 10 8 21 9 00
9 (10 10 07 10 19 10 55 220
10 30 11 40 11 51 12 30
11 30 12 44 p 12 56p 1 30p
*2 45p *3 39 *3 48 *4 15 *6 40p
3 30 4 37 4 48 5 25
*4 15 *5 11 *5 20 *5 50
*5 00 *5 55 *6 08 *6 40
5 30 6 25 6 36 7 02
6 30 7 42 7 55 8 30
til 45 +12 51 +1 01 +1 30
"Daily except Sunday. {Saturday only.
SAN HUD- PALO SAN PACIFIC
FRAN. WOOD ALTO JOSK (3HOVK
6 40a 5 13ft 5 00« 4 30a
*8 00 *(» 51 *6 40 *6 10
8 36 7 41 7 30 7 05
*9 00 *8 10 *7 58 *7 20 . .. .
9 46 8 43 8 31 8 00
*10 45 *9 51 *9 44 *9 20 *6 15
130 p 12 12p 11 59 11 25
4 10 3 15 3 06 2 40
5 30 4 15 4 04 3 30
6 30 4 58 4 40 4 00
7 30 6 17 6 08 5 35 2 30
From San Francibco.
6 10a 7 41a 7 51a 830
7 00 8 10 8 21 9 00
9 (10 10 07 10 19 10 55 220
10 30 11 40 11 51 12 30
11 30 12 44 p 12 56p 1 30p
*2 45p *3 39 *3 48 *4 15 *6 40p
3 30 4 37 4 48 5 25
*4 15 *5 11 *5 20 *5 50
*5 00 *5 55 *6 08 *6 40
5 30 6 25 6 36 7 02
6 30 7 42 7 55 8 30
til 45 +12 51 +1 01 +1 30
"Daily except Sunday. {Saturday only.
