# Cagers' Season Stats
## 
### 
Player FGA F(J Pet. FTA FT Pot. KB PF TP Avg.
Neumann 234 88 37.6 142 106 74.7 101 76 282 12.3
Arrillaga 290 112 38.6 82 50 61.0 107 39 274 11.8
Haga 152 71 46.7 133 101 76.0 191 54 243 10.1
Thuesen 113 48 42.4 62 55 88.8 65 63 151 6.6
Warren 123 54 43.8 33 20 60.6 33 31 128 5.3
Brock meyer 89 30 33.7 40 22 55.0 85 59 82 3.6
Byrford g 105 29 27.(5 18 14 77.8 44 29 72 3.1
Tipton • 54 19 35.9 32 27 84.4 26 25 65 3.5
Pflueger 69 23 33.3 23 15 65.2 28 17 61 3.1
Stabler 31 11 35.5 15 9 60.0 9 3 31 2.4
Rose 17 6 35.3 4 3 75.0 5 13 15 1.5
Caiter 5 0 0.0 5 5 100.0 5 2 5 1.0
Weersing 3 2 66.7 0 0 1 4 4 4.0
Jou jon-Roche 4 1 25.0 0 0 ... 1 1 2 0.7
Crawford 4 0 0.0 1 1 100.0 1 3 1 0.5
Totals 1293 191 38.2 580 128 73.9 787 : 41!) 1416 58.7
Opponents 1381 513 39.2 562 373 6:5.5 904 420 1459 60.7
Includes 85 loam rebounds.
Player FGA F(J Pet. FTA FT Pot. KB PF TP Avg.
Neumann 234 88 37.6 142 106 74.7 101 76 282 12.3
Arrillaga 290 112 38.6 82 50 61.0 107 39 274 11.8
Haga 152 71 46.7 133 101 76.0 191 54 243 10.1
Thuesen 113 48 42.4 62 55 88.8 65 63 151 6.6
Warren 123 54 43.8 33 20 60.6 33 31 128 5.3
Brock meyer 89 30 33.7 40 22 55.0 85 59 82 3.6
Byrford g 105 29 27.(5 18 14 77.8 44 29 72 3.1
Tipton • 54 19 35.9 32 27 84.4 26 25 65 3.5
Pflueger 69 23 33.3 23 15 65.2 28 17 61 3.1
Stabler 31 11 35.5 15 9 60.0 9 3 31 2.4
Rose 17 6 35.3 4 3 75.0 5 13 15 1.5
Caiter 5 0 0.0 5 5 100.0 5 2 5 1.0
Weersing 3 2 66.7 0 0 1 4 4 4.0
Jou jon-Roche 4 1 25.0 0 0 ... 1 1 2 0.7
Crawford 4 0 0.0 1 1 100.0 1 3 1 0.5
Totals 1293 191 38.2 580 128 73.9 787 : 41!) 1416 58.7
Opponents 1381 513 39.2 562 373 6:5.5 904 420 1459 60.7
Includes 85 loam rebounds.
Player FGA F(J Pet. FTA FT Pot. KB PF TP Avg.
Neumann 234 88 37.6 142 106 74.7 101 76 282 12.3
Arrillaga 290 112 38.6 82 50 61.0 107 39 274 11.8
Haga 152 71 46.7 133 101 76.0 191 54 243 10.1
Thuesen 113 48 42.4 62 55 88.8 65 63 151 6.6
Warren 123 54 43.8 33 20 60.6 33 31 128 5.3
Brock meyer 89 30 33.7 40 22 55.0 85 59 82 3.6
Byrford g 105 29 27.(5 18 14 77.8 44 29 72 3.1
Tipton • 54 19 35.9 32 27 84.4 26 25 65 3.5
Pflueger 69 23 33.3 23 15 65.2 28 17 61 3.1
Stabler 31 11 35.5 15 9 60.0 9 3 31 2.4
Rose 17 6 35.3 4 3 75.0 5 13 15 1.5
Caiter 5 0 0.0 5 5 100.0 5 2 5 1.0
Weersing 3 2 66.7 0 0 1 4 4 4.0
Jou jon-Roche 4 1 25.0 0 0 ... 1 1 2 0.7
Crawford 4 0 0.0 1 1 100.0 1 3 1 0.5
Totals 1293 191 38.2 580 128 73.9 787 : 41!) 1416 58.7
Opponents 1381 513 39.2 562 373 6:5.5 904 420 1459 60.7
Includes 85 loam rebounds.
Player FGA F(J Pet. FTA FT Pot. KB PF TP Avg.
Neumann 234 88 37.6 142 106 74.7 101 76 282 12.3
Arrillaga 290 112 38.6 82 50 61.0 107 39 274 11.8
Haga 152 71 46.7 133 101 76.0 191 54 243 10.1
Thuesen 113 48 42.4 62 55 88.8 65 63 151 6.6
Warren 123 54 43.8 33 20 60.6 33 31 128 5.3
Brock meyer 89 30 33.7 40 22 55.0 85 59 82 3.6
Byrford g 105 29 27.(5 18 14 77.8 44 29 72 3.1
Tipton • 54 19 35.9 32 27 84.4 26 25 65 3.5
Pflueger 69 23 33.3 23 15 65.2 28 17 61 3.1
Stabler 31 11 35.5 15 9 60.0 9 3 31 2.4
Rose 17 6 35.3 4 3 75.0 5 13 15 1.5
Caiter 5 0 0.0 5 5 100.0 5 2 5 1.0
Weersing 3 2 66.7 0 0 1 4 4 4.0
Jou jon-Roche 4 1 25.0 0 0 ... 1 1 2 0.7
Crawford 4 0 0.0 1 1 100.0 1 3 1 0.5
Totals 1293 191 38.2 580 128 73.9 787 : 41!) 1416 58.7
Opponents 1381 513 39.2 562 373 6:5.5 904 420 1459 60.7
Includes 85 loam rebounds.
Player FGA F(J Pet. FTA FT Pot. KB PF TP Avg.
Neumann 234 88 37.6 142 106 74.7 101 76 282 12.3
Arrillaga 290 112 38.6 82 50 61.0 107 39 274 11.8
Haga 152 71 46.7 133 101 76.0 191 54 243 10.1
Thuesen 113 48 42.4 62 55 88.8 65 63 151 6.6
Warren 123 54 43.8 33 20 60.6 33 31 128 5.3
Brock meyer 89 30 33.7 40 22 55.0 85 59 82 3.6
Byrford g 105 29 27.(5 18 14 77.8 44 29 72 3.1
Tipton • 54 19 35.9 32 27 84.4 26 25 65 3.5
Pflueger 69 23 33.3 23 15 65.2 28 17 61 3.1
Stabler 31 11 35.5 15 9 60.0 9 3 31 2.4
Rose 17 6 35.3 4 3 75.0 5 13 15 1.5
Caiter 5 0 0.0 5 5 100.0 5 2 5 1.0
Weersing 3 2 66.7 0 0 1 4 4 4.0
Jou jon-Roche 4 1 25.0 0 0 ... 1 1 2 0.7
Crawford 4 0 0.0 1 1 100.0 1 3 1 0.5
Totals 1293 191 38.2 580 128 73.9 787 : 41!) 1416 58.7
Opponents 1381 513 39.2 562 373 6:5.5 904 420 1459 60.7
Includes 85 loam rebounds.
Player FGA F(J Pet. FTA FT Pot. KB PF TP Avg.
Neumann 234 88 37.6 142 106 74.7 101 76 282 12.3
Arrillaga 290 112 38.6 82 50 61.0 107 39 274 11.8
Haga 152 71 46.7 133 101 76.0 191 54 243 10.1
Thuesen 113 48 42.4 62 55 88.8 65 63 151 6.6
Warren 123 54 43.8 33 20 60.6 33 31 128 5.3
Brock meyer 89 30 33.7 40 22 55.0 85 59 82 3.6
Byrford g 105 29 27.(5 18 14 77.8 44 29 72 3.1
Tipton • 54 19 35.9 32 27 84.4 26 25 65 3.5
Pflueger 69 23 33.3 23 15 65.2 28 17 61 3.1
Stabler 31 11 35.5 15 9 60.0 9 3 31 2.4
Rose 17 6 35.3 4 3 75.0 5 13 15 1.5
Caiter 5 0 0.0 5 5 100.0 5 2 5 1.0
Weersing 3 2 66.7 0 0 1 4 4 4.0
Jou jon-Roche 4 1 25.0 0 0 ... 1 1 2 0.7
Crawford 4 0 0.0 1 1 100.0 1 3 1 0.5
Totals 1293 191 38.2 580 128 73.9 787 : 41!) 1416 58.7
Opponents 1381 513 39.2 562 373 6:5.5 904 420 1459 60.7
Includes 85 loam rebounds.
Player FGA F(J Pet. FTA FT Pot. KB PF TP Avg.
Neumann 234 88 37.6 142 106 74.7 101 76 282 12.3
Arrillaga 290 112 38.6 82 50 61.0 107 39 274 11.8
Haga 152 71 46.7 133 101 76.0 191 54 243 10.1
Thuesen 113 48 42.4 62 55 88.8 65 63 151 6.6
Warren 123 54 43.8 33 20 60.6 33 31 128 5.3
Brock meyer 89 30 33.7 40 22 55.0 85 59 82 3.6
Byrford g 105 29 27.(5 18 14 77.8 44 29 72 3.1
Tipton • 54 19 35.9 32 27 84.4 26 25 65 3.5
Pflueger 69 23 33.3 23 15 65.2 28 17 61 3.1
Stabler 31 11 35.5 15 9 60.0 9 3 31 2.4
Rose 17 6 35.3 4 3 75.0 5 13 15 1.5
Caiter 5 0 0.0 5 5 100.0 5 2 5 1.0
Weersing 3 2 66.7 0 0 1 4 4 4.0
Jou jon-Roche 4 1 25.0 0 0 ... 1 1 2 0.7
Crawford 4 0 0.0 1 1 100.0 1 3 1 0.5
Totals 1293 191 38.2 580 128 73.9 787 : 41!) 1416 58.7
Opponents 1381 513 39.2 562 373 6:5.5 904 420 1459 60.7
Includes 85 loam rebounds.
Player FGA F(J Pet. FTA FT Pot. KB PF TP Avg.
Neumann 234 88 37.6 142 106 74.7 101 76 282 12.3
Arrillaga 290 112 38.6 82 50 61.0 107 39 274 11.8
Haga 152 71 46.7 133 101 76.0 191 54 243 10.1
Thuesen 113 48 42.4 62 55 88.8 65 63 151 6.6
Warren 123 54 43.8 33 20 60.6 33 31 128 5.3
Brock meyer 89 30 33.7 40 22 55.0 85 59 82 3.6
Byrford g 105 29 27.(5 18 14 77.8 44 29 72 3.1
Tipton • 54 19 35.9 32 27 84.4 26 25 65 3.5
Pflueger 69 23 33.3 23 15 65.2 28 17 61 3.1
Stabler 31 11 35.5 15 9 60.0 9 3 31 2.4
Rose 17 6 35.3 4 3 75.0 5 13 15 1.5
Caiter 5 0 0.0 5 5 100.0 5 2 5 1.0
Weersing 3 2 66.7 0 0 1 4 4 4.0
Jou jon-Roche 4 1 25.0 0 0 ... 1 1 2 0.7
Crawford 4 0 0.0 1 1 100.0 1 3 1 0.5
Totals 1293 191 38.2 580 128 73.9 787 : 41!) 1416 58.7
Opponents 1381 513 39.2 562 373 6:5.5 904 420 1459 60.7
Includes 85 loam rebounds.
Player FGA F(J Pet. FTA FT Pot. KB PF TP Avg.
Neumann 234 88 37.6 142 106 74.7 101 76 282 12.3
Arrillaga 290 112 38.6 82 50 61.0 107 39 274 11.8
Haga 152 71 46.7 133 101 76.0 191 54 243 10.1
Thuesen 113 48 42.4 62 55 88.8 65 63 151 6.6
Warren 123 54 43.8 33 20 60.6 33 31 128 5.3
Brock meyer 89 30 33.7 40 22 55.0 85 59 82 3.6
Byrford g 105 29 27.(5 18 14 77.8 44 29 72 3.1
Tipton • 54 19 35.9 32 27 84.4 26 25 65 3.5
Pflueger 69 23 33.3 23 15 65.2 28 17 61 3.1
Stabler 31 11 35.5 15 9 60.0 9 3 31 2.4
Rose 17 6 35.3 4 3 75.0 5 13 15 1.5
Caiter 5 0 0.0 5 5 100.0 5 2 5 1.0
Weersing 3 2 66.7 0 0 1 4 4 4.0
Jou jon-Roche 4 1 25.0 0 0 ... 1 1 2 0.7
Crawford 4 0 0.0 1 1 100.0 1 3 1 0.5
Totals 1293 191 38.2 580 128 73.9 787 : 41!) 1416 58.7
Opponents 1381 513 39.2 562 373 6:5.5 904 420 1459 60.7
Includes 85 loam rebounds.
Player FGA F(J Pet. FTA FT Pot. KB PF TP Avg.
Neumann 234 88 37.6 142 106 74.7 101 76 282 12.3
Arrillaga 290 112 38.6 82 50 61.0 107 39 274 11.8
Haga 152 71 46.7 133 101 76.0 191 54 243 10.1
Thuesen 113 48 42.4 62 55 88.8 65 63 151 6.6
Warren 123 54 43.8 33 20 60.6 33 31 128 5.3
Brock meyer 89 30 33.7 40 22 55.0 85 59 82 3.6
Byrford g 105 29 27.(5 18 14 77.8 44 29 72 3.1
Tipton • 54 19 35.9 32 27 84.4 26 25 65 3.5
Pflueger 69 23 33.3 23 15 65.2 28 17 61 3.1
Stabler 31 11 35.5 15 9 60.0 9 3 31 2.4
Rose 17 6 35.3 4 3 75.0 5 13 15 1.5
Caiter 5 0 0.0 5 5 100.0 5 2 5 1.0
Weersing 3 2 66.7 0 0 1 4 4 4.0
Jou jon-Roche 4 1 25.0 0 0 ... 1 1 2 0.7
Crawford 4 0 0.0 1 1 100.0 1 3 1 0.5
Totals 1293 191 38.2 580 128 73.9 787 : 41!) 1416 58.7
Opponents 1381 513 39.2 562 373 6:5.5 904 420 1459 60.7
Includes 85 loam rebounds.
Player FGA F(J Pet. FTA FT Pot. KB PF TP Avg.
Neumann 234 88 37.6 142 106 74.7 101 76 282 12.3
Arrillaga 290 112 38.6 82 50 61.0 107 39 274 11.8
Haga 152 71 46.7 133 101 76.0 191 54 243 10.1
Thuesen 113 48 42.4 62 55 88.8 65 63 151 6.6
Warren 123 54 43.8 33 20 60.6 33 31 128 5.3
Brock meyer 89 30 33.7 40 22 55.0 85 59 82 3.6
Byrford g 105 29 27.(5 18 14 77.8 44 29 72 3.1
Tipton • 54 19 35.9 32 27 84.4 26 25 65 3.5
Pflueger 69 23 33.3 23 15 65.2 28 17 61 3.1
Stabler 31 11 35.5 15 9 60.0 9 3 31 2.4
Rose 17 6 35.3 4 3 75.0 5 13 15 1.5
Caiter 5 0 0.0 5 5 100.0 5 2 5 1.0
Weersing 3 2 66.7 0 0 1 4 4 4.0
Jou jon-Roche 4 1 25.0 0 0 ... 1 1 2 0.7
Crawford 4 0 0.0 1 1 100.0 1 3 1 0.5
Totals 1293 191 38.2 580 128 73.9 787 : 41!) 1416 58.7
Opponents 1381 513 39.2 562 373 6:5.5 904 420 1459 60.7
Includes 85 loam rebounds.
Player FGA F(J Pet. FTA FT Pot. KB PF TP Avg.
Neumann 234 88 37.6 142 106 74.7 101 76 282 12.3
Arrillaga 290 112 38.6 82 50 61.0 107 39 274 11.8
Haga 152 71 46.7 133 101 76.0 191 54 243 10.1
Thuesen 113 48 42.4 62 55 88.8 65 63 151 6.6
Warren 123 54 43.8 33 20 60.6 33 31 128 5.3
Brock meyer 89 30 33.7 40 22 55.0 85 59 82 3.6
Byrford g 105 29 27.(5 18 14 77.8 44 29 72 3.1
Tipton • 54 19 35.9 32 27 84.4 26 25 65 3.5
Pflueger 69 23 33.3 23 15 65.2 28 17 61 3.1
Stabler 31 11 35.5 15 9 60.0 9 3 31 2.4
Rose 17 6 35.3 4 3 75.0 5 13 15 1.5
Caiter 5 0 0.0 5 5 100.0 5 2 5 1.0
Weersing 3 2 66.7 0 0 1 4 4 4.0
Jou jon-Roche 4 1 25.0 0 0 ... 1 1 2 0.7
Crawford 4 0 0.0 1 1 100.0 1 3 1 0.5
Totals 1293 191 38.2 580 128 73.9 787 : 41!) 1416 58.7
Opponents 1381 513 39.2 562 373 6:5.5 904 420 1459 60.7
Includes 85 loam rebounds.
Player FGA F(J Pet. FTA FT Pot. KB PF TP Avg.
Neumann 234 88 37.6 142 106 74.7 101 76 282 12.3
Arrillaga 290 112 38.6 82 50 61.0 107 39 274 11.8
Haga 152 71 46.7 133 101 76.0 191 54 243 10.1
Thuesen 113 48 42.4 62 55 88.8 65 63 151 6.6
Warren 123 54 43.8 33 20 60.6 33 31 128 5.3
Brock meyer 89 30 33.7 40 22 55.0 85 59 82 3.6
Byrford g 105 29 27.(5 18 14 77.8 44 29 72 3.1
Tipton • 54 19 35.9 32 27 84.4 26 25 65 3.5
Pflueger 69 23 33.3 23 15 65.2 28 17 61 3.1
Stabler 31 11 35.5 15 9 60.0 9 3 31 2.4
Rose 17 6 35.3 4 3 75.0 5 13 15 1.5
Caiter 5 0 0.0 5 5 100.0 5 2 5 1.0
Weersing 3 2 66.7 0 0 1 4 4 4.0
Jou jon-Roche 4 1 25.0 0 0 ... 1 1 2 0.7
Crawford 4 0 0.0 1 1 100.0 1 3 1 0.5
Totals 1293 191 38.2 580 128 73.9 787 : 41!) 1416 58.7
Opponents 1381 513 39.2 562 373 6:5.5 904 420 1459 60.7
Includes 85 loam rebounds.
Player FGA F(J Pet. FTA FT Pot. KB PF TP Avg.
Neumann 234 88 37.6 142 106 74.7 101 76 282 12.3
Arrillaga 290 112 38.6 82 50 61.0 107 39 274 11.8
Haga 152 71 46.7 133 101 76.0 191 54 243 10.1
Thuesen 113 48 42.4 62 55 88.8 65 63 151 6.6
Warren 123 54 43.8 33 20 60.6 33 31 128 5.3
Brock meyer 89 30 33.7 40 22 55.0 85 59 82 3.6
Byrford g 105 29 27.(5 18 14 77.8 44 29 72 3.1
Tipton • 54 19 35.9 32 27 84.4 26 25 65 3.5
Pflueger 69 23 33.3 23 15 65.2 28 17 61 3.1
Stabler 31 11 35.5 15 9 60.0 9 3 31 2.4
Rose 17 6 35.3 4 3 75.0 5 13 15 1.5
Caiter 5 0 0.0 5 5 100.0 5 2 5 1.0
Weersing 3 2 66.7 0 0 1 4 4 4.0
Jou jon-Roche 4 1 25.0 0 0 ... 1 1 2 0.7
Crawford 4 0 0.0 1 1 100.0 1 3 1 0.5
Totals 1293 191 38.2 580 128 73.9 787 : 41!) 1416 58.7
Opponents 1381 513 39.2 562 373 6:5.5 904 420 1459 60.7
Includes 85 loam rebounds.
Player FGA F(J Pet. FTA FT Pot. KB PF TP Avg.
Neumann 234 88 37.6 142 106 74.7 101 76 282 12.3
Arrillaga 290 112 38.6 82 50 61.0 107 39 274 11.8
Haga 152 71 46.7 133 101 76.0 191 54 243 10.1
Thuesen 113 48 42.4 62 55 88.8 65 63 151 6.6
Warren 123 54 43.8 33 20 60.6 33 31 128 5.3
Brock meyer 89 30 33.7 40 22 55.0 85 59 82 3.6
Byrford g 105 29 27.(5 18 14 77.8 44 29 72 3.1
Tipton • 54 19 35.9 32 27 84.4 26 25 65 3.5
Pflueger 69 23 33.3 23 15 65.2 28 17 61 3.1
Stabler 31 11 35.5 15 9 60.0 9 3 31 2.4
Rose 17 6 35.3 4 3 75.0 5 13 15 1.5
Caiter 5 0 0.0 5 5 100.0 5 2 5 1.0
Weersing 3 2 66.7 0 0 1 4 4 4.0
Jou jon-Roche 4 1 25.0 0 0 ... 1 1 2 0.7
Crawford 4 0 0.0 1 1 100.0 1 3 1 0.5
Totals 1293 191 38.2 580 128 73.9 787 : 41!) 1416 58.7
Opponents 1381 513 39.2 562 373 6:5.5 904 420 1459 60.7
Includes 85 loam rebounds.
Player FGA F(J Pet. FTA FT Pot. KB PF TP Avg.
Neumann 234 88 37.6 142 106 74.7 101 76 282 12.3
Arrillaga 290 112 38.6 82 50 61.0 107 39 274 11.8
Haga 152 71 46.7 133 101 76.0 191 54 243 10.1
Thuesen 113 48 42.4 62 55 88.8 65 63 151 6.6
Warren 123 54 43.8 33 20 60.6 33 31 128 5.3
Brock meyer 89 30 33.7 40 22 55.0 85 59 82 3.6
Byrford g 105 29 27.(5 18 14 77.8 44 29 72 3.1
Tipton • 54 19 35.9 32 27 84.4 26 25 65 3.5
Pflueger 69 23 33.3 23 15 65.2 28 17 61 3.1
Stabler 31 11 35.5 15 9 60.0 9 3 31 2.4
Rose 17 6 35.3 4 3 75.0 5 13 15 1.5
Caiter 5 0 0.0 5 5 100.0 5 2 5 1.0
Weersing 3 2 66.7 0 0 1 4 4 4.0
Jou jon-Roche 4 1 25.0 0 0 ... 1 1 2 0.7
Crawford 4 0 0.0 1 1 100.0 1 3 1 0.5
Totals 1293 191 38.2 580 128 73.9 787 : 41!) 1416 58.7
Opponents 1381 513 39.2 562 373 6:5.5 904 420 1459 60.7
Includes 85 loam rebounds.
Player FGA F(J Pet. FTA FT Pot. KB PF TP Avg.
Neumann 234 88 37.6 142 106 74.7 101 76 282 12.3
Arrillaga 290 112 38.6 82 50 61.0 107 39 274 11.8
Haga 152 71 46.7 133 101 76.0 191 54 243 10.1
Thuesen 113 48 42.4 62 55 88.8 65 63 151 6.6
Warren 123 54 43.8 33 20 60.6 33 31 128 5.3
Brock meyer 89 30 33.7 40 22 55.0 85 59 82 3.6
Byrford g 105 29 27.(5 18 14 77.8 44 29 72 3.1
Tipton • 54 19 35.9 32 27 84.4 26 25 65 3.5
Pflueger 69 23 33.3 23 15 65.2 28 17 61 3.1
Stabler 31 11 35.5 15 9 60.0 9 3 31 2.4
Rose 17 6 35.3 4 3 75.0 5 13 15 1.5
Caiter 5 0 0.0 5 5 100.0 5 2 5 1.0
Weersing 3 2 66.7 0 0 1 4 4 4.0
Jou jon-Roche 4 1 25.0 0 0 ... 1 1 2 0.7
Crawford 4 0 0.0 1 1 100.0 1 3 1 0.5
Totals 1293 191 38.2 580 128 73.9 787 : 41!) 1416 58.7
Opponents 1381 513 39.2 562 373 6:5.5 904 420 1459 60.7
Includes 85 loam rebounds.
