# Stanford stats
## 
### 
FG-FOA PCT FT-FT A PCT REB R-Avg PTS AVG HG AST ST BS
fratz 111-230 478 73-92 793 52 3.5 295 19 7 30 66 37 1
Belton 70-124 565 43-78 551 120 8.0 183 12.2 23 29 8 16
McHugh 78-160 488 20-29 689 85 5.7 176 11.7 20 23 14 7
P ®"V 75-169 444 21-35 600 62 4 1 171 11.4 21 34 16 2
Carter 47-88 534 20-29 689 77 7.0 114 10 4 16 25 9 2
Schmalzried 36-81 444 19-25 760 70 4.7 91 6 1 14 8 9 4
Fitzner 30-67 448 5-7 .714 32 2.5 65 5.0 12 9 5 0
Barnes 8-20 400 0-1 000 7 1.2 16 2.7 8 2 1 0
Qiovacchim 15-33 455 8-18 444 12 0.8 38 2 5 6 1 0 3 0
Level 2-2 1 000 5-16 313 1 0.3 5 1.7 2 0 0 1
Morgan 5-16 .313 3-9 333 12 0.9 13 09 5 22 12 0
Dohrmann 5-11 .455 1.5 200 20 1 7 11 0.9 4 9 0 0
Edwards 1-6 167 0-2 00C 7 1.8 2 0.5 2 4 0 0
Team 61
Stanford 463-1007 .480 214-332 .645 618 41.2 1180 78.7 95 241 114 33
Opponents 488-1022 .458 233-340 .685 637 42.5 1171 78.1 100 269 110 40
FG-FOA PCT FT-FT A PCT REB R-Avg PTS AVG HG AST ST BS
fratz 111-230 478 73-92 793 52 3.5 295 19 7 30 66 37 1
Belton 70-124 565 43-78 551 120 8.0 183 12.2 23 29 8 16
McHugh 78-160 488 20-29 689 85 5.7 176 11.7 20 23 14 7
P ®"V 75-169 444 21-35 600 62 4 1 171 11.4 21 34 16 2
Carter 47-88 534 20-29 689 77 7.0 114 10 4 16 25 9 2
Schmalzried 36-81 444 19-25 760 70 4.7 91 6 1 14 8 9 4
Fitzner 30-67 448 5-7 .714 32 2.5 65 5.0 12 9 5 0
Barnes 8-20 400 0-1 000 7 1.2 16 2.7 8 2 1 0
Qiovacchim 15-33 455 8-18 444 12 0.8 38 2 5 6 1 0 3 0
Level 2-2 1 000 5-16 313 1 0.3 5 1.7 2 0 0 1
Morgan 5-16 .313 3-9 333 12 0.9 13 09 5 22 12 0
Dohrmann 5-11 .455 1.5 200 20 1 7 11 0.9 4 9 0 0
Edwards 1-6 167 0-2 00C 7 1.8 2 0.5 2 4 0 0
Team 61
Stanford 463-1007 .480 214-332 .645 618 41.2 1180 78.7 95 241 114 33
Opponents 488-1022 .458 233-340 .685 637 42.5 1171 78.1 100 269 110 40
FG-FOA PCT FT-FT A PCT REB R-Avg PTS AVG HG AST ST BS
fratz 111-230 478 73-92 793 52 3.5 295 19 7 30 66 37 1
Belton 70-124 565 43-78 551 120 8.0 183 12.2 23 29 8 16
McHugh 78-160 488 20-29 689 85 5.7 176 11.7 20 23 14 7
P ®"V 75-169 444 21-35 600 62 4 1 171 11.4 21 34 16 2
Carter 47-88 534 20-29 689 77 7.0 114 10 4 16 25 9 2
Schmalzried 36-81 444 19-25 760 70 4.7 91 6 1 14 8 9 4
Fitzner 30-67 448 5-7 .714 32 2.5 65 5.0 12 9 5 0
Barnes 8-20 400 0-1 000 7 1.2 16 2.7 8 2 1 0
Qiovacchim 15-33 455 8-18 444 12 0.8 38 2 5 6 1 0 3 0
Level 2-2 1 000 5-16 313 1 0.3 5 1.7 2 0 0 1
Morgan 5-16 .313 3-9 333 12 0.9 13 09 5 22 12 0
Dohrmann 5-11 .455 1.5 200 20 1 7 11 0.9 4 9 0 0
Edwards 1-6 167 0-2 00C 7 1.8 2 0.5 2 4 0 0
Team 61
Stanford 463-1007 .480 214-332 .645 618 41.2 1180 78.7 95 241 114 33
Opponents 488-1022 .458 233-340 .685 637 42.5 1171 78.1 100 269 110 40
FG-FOA PCT FT-FT A PCT REB R-Avg PTS AVG HG AST ST BS
fratz 111-230 478 73-92 793 52 3.5 295 19 7 30 66 37 1
Belton 70-124 565 43-78 551 120 8.0 183 12.2 23 29 8 16
McHugh 78-160 488 20-29 689 85 5.7 176 11.7 20 23 14 7
P ®"V 75-169 444 21-35 600 62 4 1 171 11.4 21 34 16 2
Carter 47-88 534 20-29 689 77 7.0 114 10 4 16 25 9 2
Schmalzried 36-81 444 19-25 760 70 4.7 91 6 1 14 8 9 4
Fitzner 30-67 448 5-7 .714 32 2.5 65 5.0 12 9 5 0
Barnes 8-20 400 0-1 000 7 1.2 16 2.7 8 2 1 0
Qiovacchim 15-33 455 8-18 444 12 0.8 38 2 5 6 1 0 3 0
Level 2-2 1 000 5-16 313 1 0.3 5 1.7 2 0 0 1
Morgan 5-16 .313 3-9 333 12 0.9 13 09 5 22 12 0
Dohrmann 5-11 .455 1.5 200 20 1 7 11 0.9 4 9 0 0
Edwards 1-6 167 0-2 00C 7 1.8 2 0.5 2 4 0 0
Team 61
Stanford 463-1007 .480 214-332 .645 618 41.2 1180 78.7 95 241 114 33
Opponents 488-1022 .458 233-340 .685 637 42.5 1171 78.1 100 269 110 40
FG-FOA PCT FT-FT A PCT REB R-Avg PTS AVG HG AST ST BS
fratz 111-230 478 73-92 793 52 3.5 295 19 7 30 66 37 1
Belton 70-124 565 43-78 551 120 8.0 183 12.2 23 29 8 16
McHugh 78-160 488 20-29 689 85 5.7 176 11.7 20 23 14 7
P ®"V 75-169 444 21-35 600 62 4 1 171 11.4 21 34 16 2
Carter 47-88 534 20-29 689 77 7.0 114 10 4 16 25 9 2
Schmalzried 36-81 444 19-25 760 70 4.7 91 6 1 14 8 9 4
Fitzner 30-67 448 5-7 .714 32 2.5 65 5.0 12 9 5 0
Barnes 8-20 400 0-1 000 7 1.2 16 2.7 8 2 1 0
Qiovacchim 15-33 455 8-18 444 12 0.8 38 2 5 6 1 0 3 0
Level 2-2 1 000 5-16 313 1 0.3 5 1.7 2 0 0 1
Morgan 5-16 .313 3-9 333 12 0.9 13 09 5 22 12 0
Dohrmann 5-11 .455 1.5 200 20 1 7 11 0.9 4 9 0 0
Edwards 1-6 167 0-2 00C 7 1.8 2 0.5 2 4 0 0
Team 61
Stanford 463-1007 .480 214-332 .645 618 41.2 1180 78.7 95 241 114 33
Opponents 488-1022 .458 233-340 .685 637 42.5 1171 78.1 100 269 110 40
FG-FOA PCT FT-FT A PCT REB R-Avg PTS AVG HG AST ST BS
fratz 111-230 478 73-92 793 52 3.5 295 19 7 30 66 37 1
Belton 70-124 565 43-78 551 120 8.0 183 12.2 23 29 8 16
McHugh 78-160 488 20-29 689 85 5.7 176 11.7 20 23 14 7
P ®"V 75-169 444 21-35 600 62 4 1 171 11.4 21 34 16 2
Carter 47-88 534 20-29 689 77 7.0 114 10 4 16 25 9 2
Schmalzried 36-81 444 19-25 760 70 4.7 91 6 1 14 8 9 4
Fitzner 30-67 448 5-7 .714 32 2.5 65 5.0 12 9 5 0
Barnes 8-20 400 0-1 000 7 1.2 16 2.7 8 2 1 0
Qiovacchim 15-33 455 8-18 444 12 0.8 38 2 5 6 1 0 3 0
Level 2-2 1 000 5-16 313 1 0.3 5 1.7 2 0 0 1
Morgan 5-16 .313 3-9 333 12 0.9 13 09 5 22 12 0
Dohrmann 5-11 .455 1.5 200 20 1 7 11 0.9 4 9 0 0
Edwards 1-6 167 0-2 00C 7 1.8 2 0.5 2 4 0 0
Team 61
Stanford 463-1007 .480 214-332 .645 618 41.2 1180 78.7 95 241 114 33
Opponents 488-1022 .458 233-340 .685 637 42.5 1171 78.1 100 269 110 40
FG-FOA PCT FT-FT A PCT REB R-Avg PTS AVG HG AST ST BS
fratz 111-230 478 73-92 793 52 3.5 295 19 7 30 66 37 1
Belton 70-124 565 43-78 551 120 8.0 183 12.2 23 29 8 16
McHugh 78-160 488 20-29 689 85 5.7 176 11.7 20 23 14 7
P ®"V 75-169 444 21-35 600 62 4 1 171 11.4 21 34 16 2
Carter 47-88 534 20-29 689 77 7.0 114 10 4 16 25 9 2
Schmalzried 36-81 444 19-25 760 70 4.7 91 6 1 14 8 9 4
Fitzner 30-67 448 5-7 .714 32 2.5 65 5.0 12 9 5 0
Barnes 8-20 400 0-1 000 7 1.2 16 2.7 8 2 1 0
Qiovacchim 15-33 455 8-18 444 12 0.8 38 2 5 6 1 0 3 0
Level 2-2 1 000 5-16 313 1 0.3 5 1.7 2 0 0 1
Morgan 5-16 .313 3-9 333 12 0.9 13 09 5 22 12 0
Dohrmann 5-11 .455 1.5 200 20 1 7 11 0.9 4 9 0 0
Edwards 1-6 167 0-2 00C 7 1.8 2 0.5 2 4 0 0
Team 61
Stanford 463-1007 .480 214-332 .645 618 41.2 1180 78.7 95 241 114 33
Opponents 488-1022 .458 233-340 .685 637 42.5 1171 78.1 100 269 110 40
FG-FOA PCT FT-FT A PCT REB R-Avg PTS AVG HG AST ST BS
fratz 111-230 478 73-92 793 52 3.5 295 19 7 30 66 37 1
Belton 70-124 565 43-78 551 120 8.0 183 12.2 23 29 8 16
McHugh 78-160 488 20-29 689 85 5.7 176 11.7 20 23 14 7
P ®"V 75-169 444 21-35 600 62 4 1 171 11.4 21 34 16 2
Carter 47-88 534 20-29 689 77 7.0 114 10 4 16 25 9 2
Schmalzried 36-81 444 19-25 760 70 4.7 91 6 1 14 8 9 4
Fitzner 30-67 448 5-7 .714 32 2.5 65 5.0 12 9 5 0
Barnes 8-20 400 0-1 000 7 1.2 16 2.7 8 2 1 0
Qiovacchim 15-33 455 8-18 444 12 0.8 38 2 5 6 1 0 3 0
Level 2-2 1 000 5-16 313 1 0.3 5 1.7 2 0 0 1
Morgan 5-16 .313 3-9 333 12 0.9 13 09 5 22 12 0
Dohrmann 5-11 .455 1.5 200 20 1 7 11 0.9 4 9 0 0
Edwards 1-6 167 0-2 00C 7 1.8 2 0.5 2 4 0 0
Team 61
Stanford 463-1007 .480 214-332 .645 618 41.2 1180 78.7 95 241 114 33
Opponents 488-1022 .458 233-340 .685 637 42.5 1171 78.1 100 269 110 40
FG-FOA PCT FT-FT A PCT REB R-Avg PTS AVG HG AST ST BS
fratz 111-230 478 73-92 793 52 3.5 295 19 7 30 66 37 1
Belton 70-124 565 43-78 551 120 8.0 183 12.2 23 29 8 16
McHugh 78-160 488 20-29 689 85 5.7 176 11.7 20 23 14 7
P ®"V 75-169 444 21-35 600 62 4 1 171 11.4 21 34 16 2
Carter 47-88 534 20-29 689 77 7.0 114 10 4 16 25 9 2
Schmalzried 36-81 444 19-25 760 70 4.7 91 6 1 14 8 9 4
Fitzner 30-67 448 5-7 .714 32 2.5 65 5.0 12 9 5 0
Barnes 8-20 400 0-1 000 7 1.2 16 2.7 8 2 1 0
Qiovacchim 15-33 455 8-18 444 12 0.8 38 2 5 6 1 0 3 0
Level 2-2 1 000 5-16 313 1 0.3 5 1.7 2 0 0 1
Morgan 5-16 .313 3-9 333 12 0.9 13 09 5 22 12 0
Dohrmann 5-11 .455 1.5 200 20 1 7 11 0.9 4 9 0 0
Edwards 1-6 167 0-2 00C 7 1.8 2 0.5 2 4 0 0
Team 61
Stanford 463-1007 .480 214-332 .645 618 41.2 1180 78.7 95 241 114 33
Opponents 488-1022 .458 233-340 .685 637 42.5 1171 78.1 100 269 110 40
FG-FOA PCT FT-FT A PCT REB R-Avg PTS AVG HG AST ST BS
fratz 111-230 478 73-92 793 52 3.5 295 19 7 30 66 37 1
Belton 70-124 565 43-78 551 120 8.0 183 12.2 23 29 8 16
McHugh 78-160 488 20-29 689 85 5.7 176 11.7 20 23 14 7
P ®"V 75-169 444 21-35 600 62 4 1 171 11.4 21 34 16 2
Carter 47-88 534 20-29 689 77 7.0 114 10 4 16 25 9 2
Schmalzried 36-81 444 19-25 760 70 4.7 91 6 1 14 8 9 4
Fitzner 30-67 448 5-7 .714 32 2.5 65 5.0 12 9 5 0
Barnes 8-20 400 0-1 000 7 1.2 16 2.7 8 2 1 0
Qiovacchim 15-33 455 8-18 444 12 0.8 38 2 5 6 1 0 3 0
Level 2-2 1 000 5-16 313 1 0.3 5 1.7 2 0 0 1
Morgan 5-16 .313 3-9 333 12 0.9 13 09 5 22 12 0
Dohrmann 5-11 .455 1.5 200 20 1 7 11 0.9 4 9 0 0
Edwards 1-6 167 0-2 00C 7 1.8 2 0.5 2 4 0 0
Team 61
Stanford 463-1007 .480 214-332 .645 618 41.2 1180 78.7 95 241 114 33
Opponents 488-1022 .458 233-340 .685 637 42.5 1171 78.1 100 269 110 40
FG-FOA PCT FT-FT A PCT REB R-Avg PTS AVG HG AST ST BS
fratz 111-230 478 73-92 793 52 3.5 295 19 7 30 66 37 1
Belton 70-124 565 43-78 551 120 8.0 183 12.2 23 29 8 16
McHugh 78-160 488 20-29 689 85 5.7 176 11.7 20 23 14 7
P ®"V 75-169 444 21-35 600 62 4 1 171 11.4 21 34 16 2
Carter 47-88 534 20-29 689 77 7.0 114 10 4 16 25 9 2
Schmalzried 36-81 444 19-25 760 70 4.7 91 6 1 14 8 9 4
Fitzner 30-67 448 5-7 .714 32 2.5 65 5.0 12 9 5 0
Barnes 8-20 400 0-1 000 7 1.2 16 2.7 8 2 1 0
Qiovacchim 15-33 455 8-18 444 12 0.8 38 2 5 6 1 0 3 0
Level 2-2 1 000 5-16 313 1 0.3 5 1.7 2 0 0 1
Morgan 5-16 .313 3-9 333 12 0.9 13 09 5 22 12 0
Dohrmann 5-11 .455 1.5 200 20 1 7 11 0.9 4 9 0 0
Edwards 1-6 167 0-2 00C 7 1.8 2 0.5 2 4 0 0
Team 61
Stanford 463-1007 .480 214-332 .645 618 41.2 1180 78.7 95 241 114 33
Opponents 488-1022 .458 233-340 .685 637 42.5 1171 78.1 100 269 110 40
FG-FOA PCT FT-FT A PCT REB R-Avg PTS AVG HG AST ST BS
fratz 111-230 478 73-92 793 52 3.5 295 19 7 30 66 37 1
Belton 70-124 565 43-78 551 120 8.0 183 12.2 23 29 8 16
McHugh 78-160 488 20-29 689 85 5.7 176 11.7 20 23 14 7
P ®"V 75-169 444 21-35 600 62 4 1 171 11.4 21 34 16 2
Carter 47-88 534 20-29 689 77 7.0 114 10 4 16 25 9 2
Schmalzried 36-81 444 19-25 760 70 4.7 91 6 1 14 8 9 4
Fitzner 30-67 448 5-7 .714 32 2.5 65 5.0 12 9 5 0
Barnes 8-20 400 0-1 000 7 1.2 16 2.7 8 2 1 0
Qiovacchim 15-33 455 8-18 444 12 0.8 38 2 5 6 1 0 3 0
Level 2-2 1 000 5-16 313 1 0.3 5 1.7 2 0 0 1
Morgan 5-16 .313 3-9 333 12 0.9 13 09 5 22 12 0
Dohrmann 5-11 .455 1.5 200 20 1 7 11 0.9 4 9 0 0
Edwards 1-6 167 0-2 00C 7 1.8 2 0.5 2 4 0 0
Team 61
Stanford 463-1007 .480 214-332 .645 618 41.2 1180 78.7 95 241 114 33
Opponents 488-1022 .458 233-340 .685 637 42.5 1171 78.1 100 269 110 40
FG-FOA PCT FT-FT A PCT REB R-Avg PTS AVG HG AST ST BS
fratz 111-230 478 73-92 793 52 3.5 295 19 7 30 66 37 1
Belton 70-124 565 43-78 551 120 8.0 183 12.2 23 29 8 16
McHugh 78-160 488 20-29 689 85 5.7 176 11.7 20 23 14 7
P ®"V 75-169 444 21-35 600 62 4 1 171 11.4 21 34 16 2
Carter 47-88 534 20-29 689 77 7.0 114 10 4 16 25 9 2
Schmalzried 36-81 444 19-25 760 70 4.7 91 6 1 14 8 9 4
Fitzner 30-67 448 5-7 .714 32 2.5 65 5.0 12 9 5 0
Barnes 8-20 400 0-1 000 7 1.2 16 2.7 8 2 1 0
Qiovacchim 15-33 455 8-18 444 12 0.8 38 2 5 6 1 0 3 0
Level 2-2 1 000 5-16 313 1 0.3 5 1.7 2 0 0 1
Morgan 5-16 .313 3-9 333 12 0.9 13 09 5 22 12 0
Dohrmann 5-11 .455 1.5 200 20 1 7 11 0.9 4 9 0 0
Edwards 1-6 167 0-2 00C 7 1.8 2 0.5 2 4 0 0
Team 61
Stanford 463-1007 .480 214-332 .645 618 41.2 1180 78.7 95 241 114 33
Opponents 488-1022 .458 233-340 .685 637 42.5 1171 78.1 100 269 110 40
FG-FOA PCT FT-FT A PCT REB R-Avg PTS AVG HG AST ST BS
fratz 111-230 478 73-92 793 52 3.5 295 19 7 30 66 37 1
Belton 70-124 565 43-78 551 120 8.0 183 12.2 23 29 8 16
McHugh 78-160 488 20-29 689 85 5.7 176 11.7 20 23 14 7
P ®"V 75-169 444 21-35 600 62 4 1 171 11.4 21 34 16 2
Carter 47-88 534 20-29 689 77 7.0 114 10 4 16 25 9 2
Schmalzried 36-81 444 19-25 760 70 4.7 91 6 1 14 8 9 4
Fitzner 30-67 448 5-7 .714 32 2.5 65 5.0 12 9 5 0
Barnes 8-20 400 0-1 000 7 1.2 16 2.7 8 2 1 0
Qiovacchim 15-33 455 8-18 444 12 0.8 38 2 5 6 1 0 3 0
Level 2-2 1 000 5-16 313 1 0.3 5 1.7 2 0 0 1
Morgan 5-16 .313 3-9 333 12 0.9 13 09 5 22 12 0
Dohrmann 5-11 .455 1.5 200 20 1 7 11 0.9 4 9 0 0
Edwards 1-6 167 0-2 00C 7 1.8 2 0.5 2 4 0 0
Team 61
Stanford 463-1007 .480 214-332 .645 618 41.2 1180 78.7 95 241 114 33
Opponents 488-1022 .458 233-340 .685 637 42.5 1171 78.1 100 269 110 40
