# Comparative Statistics
## 
### 
j".' '91-2 '92-3 '93-4 '94-5 '95-6 '96-7 '97-8 ''98-9 '99-00 '00-01 '01-02 '02-03 *03-04 '04-05 '05-06 '06-07 '07-08 '08-09 '09-10 '10-11
Old Students .... 380 498 671 702 695 713 763 805 933 906 909 970 983 1069 1155 1163 1133 1135 1177
New Students ; 559 384 477 429 367 396 511 390 526 456 389 514 515 585 717 513 575 534 609 581
Totals 559 764 975 1100 1064 1091 1224 1153 1331 1384 1295 1483 1485 1568 1786 1668 1738 1667 1774 1758
Men 417 537 678 728 691 691 766 690 821 862 799 925 946 1040 1221 1141 1186 1130 1177 1192
Women 142 227 297 372 378 400 458 463 510 527 496 558 539 528 565 527 552 537 567 566
I'ercent of Women 25.4 29.7 30.4 33.8 35.3 36.6 37.4 40.1 38.3 37.9 38.3 37.6 36.3 33.7 31. 32.2 31.7 32.2 32.3 32.1
j".' '91-2 '92-3 '93-4 '94-5 '95-6 '96-7 '97-8 ''98-9 '99-00 '00-01 '01-02 '02-03 *03-04 '04-05 '05-06 '06-07 '07-08 '08-09 '09-10 '10-11
Old Students .... 380 498 671 702 695 713 763 805 933 906 909 970 983 1069 1155 1163 1133 1135 1177
New Students ; 559 384 477 429 367 396 511 390 526 456 389 514 515 585 717 513 575 534 609 581
Totals 559 764 975 1100 1064 1091 1224 1153 1331 1384 1295 1483 1485 1568 1786 1668 1738 1667 1774 1758
Men 417 537 678 728 691 691 766 690 821 862 799 925 946 1040 1221 1141 1186 1130 1177 1192
Women 142 227 297 372 378 400 458 463 510 527 496 558 539 528 565 527 552 537 567 566
I'ercent of Women 25.4 29.7 30.4 33.8 35.3 36.6 37.4 40.1 38.3 37.9 38.3 37.6 36.3 33.7 31. 32.2 31.7 32.2 32.3 32.1
j".' '91-2 '92-3 '93-4 '94-5 '95-6 '96-7 '97-8 ''98-9 '99-00 '00-01 '01-02 '02-03 *03-04 '04-05 '05-06 '06-07 '07-08 '08-09 '09-10 '10-11
Old Students .... 380 498 671 702 695 713 763 805 933 906 909 970 983 1069 1155 1163 1133 1135 1177
New Students ; 559 384 477 429 367 396 511 390 526 456 389 514 515 585 717 513 575 534 609 581
Totals 559 764 975 1100 1064 1091 1224 1153 1331 1384 1295 1483 1485 1568 1786 1668 1738 1667 1774 1758
Men 417 537 678 728 691 691 766 690 821 862 799 925 946 1040 1221 1141 1186 1130 1177 1192
Women 142 227 297 372 378 400 458 463 510 527 496 558 539 528 565 527 552 537 567 566
I'ercent of Women 25.4 29.7 30.4 33.8 35.3 36.6 37.4 40.1 38.3 37.9 38.3 37.6 36.3 33.7 31. 32.2 31.7 32.2 32.3 32.1
j".' '91-2 '92-3 '93-4 '94-5 '95-6 '96-7 '97-8 ''98-9 '99-00 '00-01 '01-02 '02-03 *03-04 '04-05 '05-06 '06-07 '07-08 '08-09 '09-10 '10-11
Old Students .... 380 498 671 702 695 713 763 805 933 906 909 970 983 1069 1155 1163 1133 1135 1177
New Students ; 559 384 477 429 367 396 511 390 526 456 389 514 515 585 717 513 575 534 609 581
Totals 559 764 975 1100 1064 1091 1224 1153 1331 1384 1295 1483 1485 1568 1786 1668 1738 1667 1774 1758
Men 417 537 678 728 691 691 766 690 821 862 799 925 946 1040 1221 1141 1186 1130 1177 1192
Women 142 227 297 372 378 400 458 463 510 527 496 558 539 528 565 527 552 537 567 566
I'ercent of Women 25.4 29.7 30.4 33.8 35.3 36.6 37.4 40.1 38.3 37.9 38.3 37.6 36.3 33.7 31. 32.2 31.7 32.2 32.3 32.1
j".' '91-2 '92-3 '93-4 '94-5 '95-6 '96-7 '97-8 ''98-9 '99-00 '00-01 '01-02 '02-03 *03-04 '04-05 '05-06 '06-07 '07-08 '08-09 '09-10 '10-11
Old Students .... 380 498 671 702 695 713 763 805 933 906 909 970 983 1069 1155 1163 1133 1135 1177
New Students ; 559 384 477 429 367 396 511 390 526 456 389 514 515 585 717 513 575 534 609 581
Totals 559 764 975 1100 1064 1091 1224 1153 1331 1384 1295 1483 1485 1568 1786 1668 1738 1667 1774 1758
Men 417 537 678 728 691 691 766 690 821 862 799 925 946 1040 1221 1141 1186 1130 1177 1192
Women 142 227 297 372 378 400 458 463 510 527 496 558 539 528 565 527 552 537 567 566
I'ercent of Women 25.4 29.7 30.4 33.8 35.3 36.6 37.4 40.1 38.3 37.9 38.3 37.6 36.3 33.7 31. 32.2 31.7 32.2 32.3 32.1
j".' '91-2 '92-3 '93-4 '94-5 '95-6 '96-7 '97-8 ''98-9 '99-00 '00-01 '01-02 '02-03 *03-04 '04-05 '05-06 '06-07 '07-08 '08-09 '09-10 '10-11
Old Students .... 380 498 671 702 695 713 763 805 933 906 909 970 983 1069 1155 1163 1133 1135 1177
New Students ; 559 384 477 429 367 396 511 390 526 456 389 514 515 585 717 513 575 534 609 581
Totals 559 764 975 1100 1064 1091 1224 1153 1331 1384 1295 1483 1485 1568 1786 1668 1738 1667 1774 1758
Men 417 537 678 728 691 691 766 690 821 862 799 925 946 1040 1221 1141 1186 1130 1177 1192
Women 142 227 297 372 378 400 458 463 510 527 496 558 539 528 565 527 552 537 567 566
I'ercent of Women 25.4 29.7 30.4 33.8 35.3 36.6 37.4 40.1 38.3 37.9 38.3 37.6 36.3 33.7 31. 32.2 31.7 32.2 32.3 32.1
j".' '91-2 '92-3 '93-4 '94-5 '95-6 '96-7 '97-8 ''98-9 '99-00 '00-01 '01-02 '02-03 *03-04 '04-05 '05-06 '06-07 '07-08 '08-09 '09-10 '10-11
Old Students .... 380 498 671 702 695 713 763 805 933 906 909 970 983 1069 1155 1163 1133 1135 1177
New Students ; 559 384 477 429 367 396 511 390 526 456 389 514 515 585 717 513 575 534 609 581
Totals 559 764 975 1100 1064 1091 1224 1153 1331 1384 1295 1483 1485 1568 1786 1668 1738 1667 1774 1758
Men 417 537 678 728 691 691 766 690 821 862 799 925 946 1040 1221 1141 1186 1130 1177 1192
Women 142 227 297 372 378 400 458 463 510 527 496 558 539 528 565 527 552 537 567 566
I'ercent of Women 25.4 29.7 30.4 33.8 35.3 36.6 37.4 40.1 38.3 37.9 38.3 37.6 36.3 33.7 31. 32.2 31.7 32.2 32.3 32.1
j".' '91-2 '92-3 '93-4 '94-5 '95-6 '96-7 '97-8 ''98-9 '99-00 '00-01 '01-02 '02-03 *03-04 '04-05 '05-06 '06-07 '07-08 '08-09 '09-10 '10-11
Old Students .... 380 498 671 702 695 713 763 805 933 906 909 970 983 1069 1155 1163 1133 1135 1177
New Students ; 559 384 477 429 367 396 511 390 526 456 389 514 515 585 717 513 575 534 609 581
Totals 559 764 975 1100 1064 1091 1224 1153 1331 1384 1295 1483 1485 1568 1786 1668 1738 1667 1774 1758
Men 417 537 678 728 691 691 766 690 821 862 799 925 946 1040 1221 1141 1186 1130 1177 1192
Women 142 227 297 372 378 400 458 463 510 527 496 558 539 528 565 527 552 537 567 566
I'ercent of Women 25.4 29.7 30.4 33.8 35.3 36.6 37.4 40.1 38.3 37.9 38.3 37.6 36.3 33.7 31. 32.2 31.7 32.2 32.3 32.1
j".' '91-2 '92-3 '93-4 '94-5 '95-6 '96-7 '97-8 ''98-9 '99-00 '00-01 '01-02 '02-03 *03-04 '04-05 '05-06 '06-07 '07-08 '08-09 '09-10 '10-11
Old Students .... 380 498 671 702 695 713 763 805 933 906 909 970 983 1069 1155 1163 1133 1135 1177
New Students ; 559 384 477 429 367 396 511 390 526 456 389 514 515 585 717 513 575 534 609 581
Totals 559 764 975 1100 1064 1091 1224 1153 1331 1384 1295 1483 1485 1568 1786 1668 1738 1667 1774 1758
Men 417 537 678 728 691 691 766 690 821 862 799 925 946 1040 1221 1141 1186 1130 1177 1192
Women 142 227 297 372 378 400 458 463 510 527 496 558 539 528 565 527 552 537 567 566
I'ercent of Women 25.4 29.7 30.4 33.8 35.3 36.6 37.4 40.1 38.3 37.9 38.3 37.6 36.3 33.7 31. 32.2 31.7 32.2 32.3 32.1
j".' '91-2 '92-3 '93-4 '94-5 '95-6 '96-7 '97-8 ''98-9 '99-00 '00-01 '01-02 '02-03 *03-04 '04-05 '05-06 '06-07 '07-08 '08-09 '09-10 '10-11
Old Students .... 380 498 671 702 695 713 763 805 933 906 909 970 983 1069 1155 1163 1133 1135 1177
New Students ; 559 384 477 429 367 396 511 390 526 456 389 514 515 585 717 513 575 534 609 581
Totals 559 764 975 1100 1064 1091 1224 1153 1331 1384 1295 1483 1485 1568 1786 1668 1738 1667 1774 1758
Men 417 537 678 728 691 691 766 690 821 862 799 925 946 1040 1221 1141 1186 1130 1177 1192
Women 142 227 297 372 378 400 458 463 510 527 496 558 539 528 565 527 552 537 567 566
I'ercent of Women 25.4 29.7 30.4 33.8 35.3 36.6 37.4 40.1 38.3 37.9 38.3 37.6 36.3 33.7 31. 32.2 31.7 32.2 32.3 32.1
j".' '91-2 '92-3 '93-4 '94-5 '95-6 '96-7 '97-8 ''98-9 '99-00 '00-01 '01-02 '02-03 *03-04 '04-05 '05-06 '06-07 '07-08 '08-09 '09-10 '10-11
Old Students .... 380 498 671 702 695 713 763 805 933 906 909 970 983 1069 1155 1163 1133 1135 1177
New Students ; 559 384 477 429 367 396 511 390 526 456 389 514 515 585 717 513 575 534 609 581
Totals 559 764 975 1100 1064 1091 1224 1153 1331 1384 1295 1483 1485 1568 1786 1668 1738 1667 1774 1758
Men 417 537 678 728 691 691 766 690 821 862 799 925 946 1040 1221 1141 1186 1130 1177 1192
Women 142 227 297 372 378 400 458 463 510 527 496 558 539 528 565 527 552 537 567 566
I'ercent of Women 25.4 29.7 30.4 33.8 35.3 36.6 37.4 40.1 38.3 37.9 38.3 37.6 36.3 33.7 31. 32.2 31.7 32.2 32.3 32.1
j".' '91-2 '92-3 '93-4 '94-5 '95-6 '96-7 '97-8 ''98-9 '99-00 '00-01 '01-02 '02-03 *03-04 '04-05 '05-06 '06-07 '07-08 '08-09 '09-10 '10-11
Old Students .... 380 498 671 702 695 713 763 805 933 906 909 970 983 1069 1155 1163 1133 1135 1177
New Students ; 559 384 477 429 367 396 511 390 526 456 389 514 515 585 717 513 575 534 609 581
Totals 559 764 975 1100 1064 1091 1224 1153 1331 1384 1295 1483 1485 1568 1786 1668 1738 1667 1774 1758
Men 417 537 678 728 691 691 766 690 821 862 799 925 946 1040 1221 1141 1186 1130 1177 1192
Women 142 227 297 372 378 400 458 463 510 527 496 558 539 528 565 527 552 537 567 566
I'ercent of Women 25.4 29.7 30.4 33.8 35.3 36.6 37.4 40.1 38.3 37.9 38.3 37.6 36.3 33.7 31. 32.2 31.7 32.2 32.3 32.1
