# Past Big Game Scores
## 
### 
Cal Stanford 1926 6 41
1892 10 14 1927 (i 18
1892 10 10 1928 18 18
1893 6 6 1929 G 21
1894 0 G 1930 0 II
1895 6 G 1931 G 0
1896 0 20 1932 0 0
1897 . 0 28 1983 3 7
1898 22 0 1934 7 9
1899 30 0 1935 0 13
1900 * 0 5 193G 20 0
1001 2 0 1937 13 0
1902 1G 0 1938 G 0
1903 G G 1939 32 14
1904 0 18 1940 7 13
190 5 12 1941 10 0
! 1900 3 G 1942 7 2G
*1907 11 21 1943-44-45—No sanies
' 1908 3 12 1946 G 25
* 1900 19 13 1947 21 18
•1910 25 6 1948 7 6
*1911 21 3 ! 1949 33 14
*1912 3 3 1950 7 7
*1918 8 18 1951V.. 20 7
= 1914 8 26 1952 26 0
1915-16-17—No sanies 1953 21 21
1918—SATC 1954 28 20
1919 14 10 1955 0 '19
1920 , 38 0 — —
1921 42 7 Totals 696 646
1922 ... 28 0 • Ruyby.
1923 9 0 California: Won 24
1924 20 20 Stanford: Won 24
1925 14 27 Ties: 10
