# Southern Pacific Time-Table.
## 
### 
Toward San Francisco.
SAN RED- PAI.O SAN PACIFIC
FH AN. WOOD AI/TO JOSK QKOVK
6 36a 5 18a 5 00a 4 30a
*0 4(1 *5 43 *5 80
*8 00 *0 51 *6 40 *6 10
8 36 7 41 7 30 7 05
*9 00 *8 10 *7 58 *7 26 ....
10 00 8 47 8 32 8 00
10 45 9 52 9 43 9 20
12 15 11 22 11 13 10 50 620
120 p 12 02p 11 49 11 15
410 315 3 06p 2 40p 10 00
5 30 4 15 4 02 3 25
6 30 4 57 4 41 4 05
\\7 00 tts 55 tts 42 t*s 05
7 30 6 17 6 U7 5 35
i8 30 *7 33 *7 22 *6 50
*9 45 *8 22 *8 09 XI 30
From San Francisco.
0 10a 7 36a 7 50a 8 30a
7 00 8 08 8 21 9 00
t7 15 *8 06 }8 14 t0 45
900 959 10 10 10 48 2 20p
10 30 11 40 11 51 12 30
11 30 12 44p 12 56p 1 30p
tl 30p f2 32 +2 43 +3 20
2 00 3 09 3 21 4 00
3 30 4 31 4 41 5 15 7 50
4 30 5 25 5 35 6 05
*5 00 *5 56 *6 07 *6 40
5 30 6 25 6 36 7 02
*6 15 *7 19 *7 30
6 30 7 35 7 45 8 20
II 45 12 51 101 +1 30
