# Intercollegiate Baseball Games.
## 
### 
Year S. C.
1 Hi»2 2 0
1893 3 0
lst>4 2 0
IS}).-, 2 0
ISJMi 2 1
1597 1 2
1898 2 1
1899 (I 2
19(H) I 2
1901 1 2
1902 0 2
1908 0 2
1904 1 2
1905 0 2
1900 1 1
1907 2 1
190S 1 2
1909 1 2
1910 2 1
1911 0 2
1912 0 2
Total won—Stanford 8; Califor
nia 12: tied 1.
Year S. C.
1 Hi»2 2 0
1893 3 0
lst>4 2 0
IS}).-, 2 0
ISJMi 2 1
1597 1 2
1898 2 1
1899 (I 2
19(H) I 2
1901 1 2
1902 0 2
1908 0 2
1904 1 2
1905 0 2
1900 1 1
1907 2 1
190S 1 2
1909 1 2
1910 2 1
1911 0 2
1912 0 2
Total won—Stanford 8; Califor
nia 12: tied 1.
Year S. C.
1 Hi»2 2 0
1893 3 0
lst>4 2 0
IS}).-, 2 0
ISJMi 2 1
1597 1 2
1898 2 1
1899 (I 2
19(H) I 2
1901 1 2
1902 0 2
1908 0 2
1904 1 2
1905 0 2
1900 1 1
1907 2 1
190S 1 2
1909 1 2
1910 2 1
1911 0 2
1912 0 2
Total won—Stanford 8; Califor
nia 12: tied 1.
Year S. C.
1 Hi»2 2 0
1893 3 0
lst>4 2 0
IS}).-, 2 0
ISJMi 2 1
1597 1 2
1898 2 1
1899 (I 2
19(H) I 2
1901 1 2
1902 0 2
1908 0 2
1904 1 2
1905 0 2
1900 1 1
1907 2 1
190S 1 2
1909 1 2
1910 2 1
1911 0 2
1912 0 2
Total won—Stanford 8; Califor
nia 12: tied 1.
Year S. C.
1 Hi»2 2 0
1893 3 0
lst>4 2 0
IS}).-, 2 0
ISJMi 2 1
1597 1 2
1898 2 1
1899 (I 2
19(H) I 2
1901 1 2
1902 0 2
1908 0 2
1904 1 2
1905 0 2
1900 1 1
1907 2 1
190S 1 2
1909 1 2
1910 2 1
1911 0 2
1912 0 2
Total won—Stanford 8; Califor
nia 12: tied 1.
Year S. C.
1 Hi»2 2 0
1893 3 0
lst>4 2 0
IS}).-, 2 0
ISJMi 2 1
1597 1 2
1898 2 1
1899 (I 2
19(H) I 2
1901 1 2
1902 0 2
1908 0 2
1904 1 2
1905 0 2
1900 1 1
1907 2 1
190S 1 2
1909 1 2
1910 2 1
1911 0 2
1912 0 2
Total won—Stanford 8; Califor
nia 12: tied 1.
Year S. C.
1 Hi»2 2 0
1893 3 0
lst>4 2 0
IS}).-, 2 0
ISJMi 2 1
1597 1 2
1898 2 1
1899 (I 2
19(H) I 2
1901 1 2
1902 0 2
1908 0 2
1904 1 2
1905 0 2
1900 1 1
1907 2 1
190S 1 2
1909 1 2
1910 2 1
1911 0 2
1912 0 2
Total won—Stanford 8; Califor
nia 12: tied 1.
Year S. C.
1 Hi»2 2 0
1893 3 0
lst>4 2 0
IS}).-, 2 0
ISJMi 2 1
1597 1 2
1898 2 1
1899 (I 2
19(H) I 2
1901 1 2
1902 0 2
1908 0 2
1904 1 2
1905 0 2
1900 1 1
1907 2 1
190S 1 2
1909 1 2
1910 2 1
1911 0 2
1912 0 2
Total won—Stanford 8; Califor
nia 12: tied 1.
Year S. C.
1 Hi»2 2 0
1893 3 0
lst>4 2 0
IS}).-, 2 0
ISJMi 2 1
1597 1 2
1898 2 1
1899 (I 2
19(H) I 2
1901 1 2
1902 0 2
1908 0 2
1904 1 2
1905 0 2
1900 1 1
1907 2 1
190S 1 2
1909 1 2
1910 2 1
1911 0 2
1912 0 2
Total won—Stanford 8; Califor
nia 12: tied 1.
Year S. C.
1 Hi»2 2 0
1893 3 0
lst>4 2 0
IS}).-, 2 0
ISJMi 2 1
1597 1 2
1898 2 1
1899 (I 2
19(H) I 2
1901 1 2
1902 0 2
1908 0 2
1904 1 2
1905 0 2
1900 1 1
1907 2 1
190S 1 2
1909 1 2
1910 2 1
1911 0 2
1912 0 2
Total won—Stanford 8; Califor
nia 12: tied 1.
Year S. C.
1 Hi»2 2 0
1893 3 0
lst>4 2 0
IS}).-, 2 0
ISJMi 2 1
1597 1 2
1898 2 1
1899 (I 2
19(H) I 2
1901 1 2
1902 0 2
1908 0 2
1904 1 2
1905 0 2
1900 1 1
1907 2 1
190S 1 2
1909 1 2
1910 2 1
1911 0 2
1912 0 2
Total won—Stanford 8; Califor
nia 12: tied 1.
Year S. C.
1 Hi»2 2 0
1893 3 0
lst>4 2 0
IS}).-, 2 0
ISJMi 2 1
1597 1 2
1898 2 1
1899 (I 2
19(H) I 2
1901 1 2
1902 0 2
1908 0 2
1904 1 2
1905 0 2
1900 1 1
1907 2 1
190S 1 2
1909 1 2
1910 2 1
1911 0 2
1912 0 2
Total won—Stanford 8; Califor
nia 12: tied 1.
Year S. C.
1 Hi»2 2 0
1893 3 0
lst>4 2 0
IS}).-, 2 0
ISJMi 2 1
1597 1 2
1898 2 1
1899 (I 2
19(H) I 2
1901 1 2
1902 0 2
1908 0 2
1904 1 2
1905 0 2
1900 1 1
1907 2 1
190S 1 2
1909 1 2
1910 2 1
1911 0 2
1912 0 2
Total won—Stanford 8; Califor
nia 12: tied 1.
Year S. C.
1 Hi»2 2 0
1893 3 0
lst>4 2 0
IS}).-, 2 0
ISJMi 2 1
1597 1 2
1898 2 1
1899 (I 2
19(H) I 2
1901 1 2
1902 0 2
1908 0 2
1904 1 2
1905 0 2
1900 1 1
1907 2 1
190S 1 2
1909 1 2
1910 2 1
1911 0 2
1912 0 2
Total won—Stanford 8; Califor
nia 12: tied 1.
