# TIME-TABLE.
## 
### 
From San Francisco.
e M m o
C =
J. X £ V
0 45a 7 58a 8 05a 8 08a S 49a
8 15 0 22 9 30 0 30 10 13
10 40 IMS 1158 12 02p 12 41 p
11 45 1 05p 1 14p 117
*2 30 3 29 3 55
*3 30 4 40 4 40 4 49 5 27
*4 30 5 34 5 45 5 48 0 25
5 30 0 40 (i 48 () 52 7 30
0 30 7 42 7 50 7 55 8 30
til 45 12 50 12 58 101 130
Toward San Francisco.
■j. £ X x
4 30a 5 00:i 5 05a 5 13a 6 35a
*0 11) t; 40 0 45 0 52 8 00
*7 00 7 31 7 30 7 43 8 -18
8 (JO 8 34 8 37 8 44 9 47
9 12 9 41 10 40
1110 12 14p 12 19p 12 29p I 4op
2 05 2 09 2 10 3 30
2 55p 3 32 3 30 3 4 1 5 00
5 00 5 40 5 45 5 54 7 05
+0 OOp 0 31p 0 34p 0 40p 7 45
* Daily except Sunday,
t Saturdays only.
From San Francisco.
e M m o
C =
J. X £ V
0 45a 7 58a 8 05a 8 08a S 49a
8 15 0 22 9 30 0 30 10 13
10 40 IMS 1158 12 02p 12 41 p
11 45 1 05p 1 14p 117
*2 30 3 29 3 55
*3 30 4 40 4 40 4 49 5 27
*4 30 5 34 5 45 5 48 0 25
5 30 0 40 (i 48 () 52 7 30
0 30 7 42 7 50 7 55 8 30
til 45 12 50 12 58 101 130
Toward San Francisco.
■j. £ X x
4 30a 5 00:i 5 05a 5 13a 6 35a
*0 11) t; 40 0 45 0 52 8 00
*7 00 7 31 7 30 7 43 8 -18
8 (JO 8 34 8 37 8 44 9 47
9 12 9 41 10 40
1110 12 14p 12 19p 12 29p I 4op
2 05 2 09 2 10 3 30
2 55p 3 32 3 30 3 4 1 5 00
5 00 5 40 5 45 5 54 7 05
+0 OOp 0 31p 0 34p 0 40p 7 45
* Daily except Sunday,
t Saturdays only.
From San Francisco.
e M m o
C =
J. X £ V
0 45a 7 58a 8 05a 8 08a S 49a
8 15 0 22 9 30 0 30 10 13
10 40 IMS 1158 12 02p 12 41 p
11 45 1 05p 1 14p 117
*2 30 3 29 3 55
*3 30 4 40 4 40 4 49 5 27
*4 30 5 34 5 45 5 48 0 25
5 30 0 40 (i 48 () 52 7 30
0 30 7 42 7 50 7 55 8 30
til 45 12 50 12 58 101 130
Toward San Francisco.
■j. £ X x
4 30a 5 00:i 5 05a 5 13a 6 35a
*0 11) t; 40 0 45 0 52 8 00
*7 00 7 31 7 30 7 43 8 -18
8 (JO 8 34 8 37 8 44 9 47
9 12 9 41 10 40
1110 12 14p 12 19p 12 29p I 4op
2 05 2 09 2 10 3 30
2 55p 3 32 3 30 3 4 1 5 00
5 00 5 40 5 45 5 54 7 05
+0 OOp 0 31p 0 34p 0 40p 7 45
* Daily except Sunday,
t Saturdays only.
From San Francisco.
e M m o
C =
J. X £ V
0 45a 7 58a 8 05a 8 08a S 49a
8 15 0 22 9 30 0 30 10 13
10 40 IMS 1158 12 02p 12 41 p
11 45 1 05p 1 14p 117
*2 30 3 29 3 55
*3 30 4 40 4 40 4 49 5 27
*4 30 5 34 5 45 5 48 0 25
5 30 0 40 (i 48 () 52 7 30
0 30 7 42 7 50 7 55 8 30
til 45 12 50 12 58 101 130
Toward San Francisco.
■j. £ X x
4 30a 5 00:i 5 05a 5 13a 6 35a
*0 11) t; 40 0 45 0 52 8 00
*7 00 7 31 7 30 7 43 8 -18
8 (JO 8 34 8 37 8 44 9 47
9 12 9 41 10 40
1110 12 14p 12 19p 12 29p I 4op
2 05 2 09 2 10 3 30
2 55p 3 32 3 30 3 4 1 5 00
5 00 5 40 5 45 5 54 7 05
+0 OOp 0 31p 0 34p 0 40p 7 45
* Daily except Sunday,
t Saturdays only.
