# From San Francisco.
## 
### 
6 10a 7 27a 7 40a 8 15a
7 00 8 03 8 14 8 45
900 959 10 10 10 48 2 20p
10 30 11 35 11 45 12 20
11 30 12 34p 12 46p 1 23p
1 30p 230 242 315
3 30 4 34 4 44 5 15 7 50
*4 45 *5 46 *5 58 *6 35
5 30 6 25 6 36 7 02
*6 15 *7 19 *7 30
6 30 7 35 7 45 8 20
11 30 12 24 12 33 +12 58
6 10a 7 27a 7 40a 8 15a
7 00 8 03 8 14 8 45
900 959 10 10 10 48 2 20p
10 30 11 35 11 45 12 20
11 30 12 34p 12 46p 1 23p
1 30p 230 242 315
3 30 4 34 4 44 5 15 7 50
*4 45 *5 46 *5 58 *6 35
5 30 6 25 6 36 7 02
*6 15 *7 19 *7 30
6 30 7 35 7 45 8 20
11 30 12 24 12 33 +12 58
6 10a 7 27a 7 40a 8 15a
7 00 8 03 8 14 8 45
900 959 10 10 10 48 2 20p
10 30 11 35 11 45 12 20
11 30 12 34p 12 46p 1 23p
1 30p 230 242 315
3 30 4 34 4 44 5 15 7 50
*4 45 *5 46 *5 58 *6 35
5 30 6 25 6 36 7 02
*6 15 *7 19 *7 30
6 30 7 35 7 45 8 20
11 30 12 24 12 33 +12 58
6 10a 7 27a 7 40a 8 15a
7 00 8 03 8 14 8 45
900 959 10 10 10 48 2 20p
10 30 11 35 11 45 12 20
11 30 12 34p 12 46p 1 23p
1 30p 230 242 315
3 30 4 34 4 44 5 15 7 50
*4 45 *5 46 *5 58 *6 35
5 30 6 25 6 36 7 02
*6 15 *7 19 *7 30
6 30 7 35 7 45 8 20
11 30 12 24 12 33 +12 58
6 10a 7 27a 7 40a 8 15a
7 00 8 03 8 14 8 45
900 959 10 10 10 48 2 20p
10 30 11 35 11 45 12 20
11 30 12 34p 12 46p 1 23p
1 30p 230 242 315
3 30 4 34 4 44 5 15 7 50
*4 45 *5 46 *5 58 *6 35
5 30 6 25 6 36 7 02
*6 15 *7 19 *7 30
6 30 7 35 7 45 8 20
11 30 12 24 12 33 +12 58
6 10a 7 27a 7 40a 8 15a
7 00 8 03 8 14 8 45
900 959 10 10 10 48 2 20p
10 30 11 35 11 45 12 20
11 30 12 34p 12 46p 1 23p
1 30p 230 242 315
3 30 4 34 4 44 5 15 7 50
*4 45 *5 46 *5 58 *6 35
5 30 6 25 6 36 7 02
*6 15 *7 19 *7 30
6 30 7 35 7 45 8 20
11 30 12 24 12 33 +12 58
6 10a 7 27a 7 40a 8 15a
7 00 8 03 8 14 8 45
900 959 10 10 10 48 2 20p
10 30 11 35 11 45 12 20
11 30 12 34p 12 46p 1 23p
1 30p 230 242 315
3 30 4 34 4 44 5 15 7 50
*4 45 *5 46 *5 58 *6 35
5 30 6 25 6 36 7 02
*6 15 *7 19 *7 30
6 30 7 35 7 45 8 20
11 30 12 24 12 33 +12 58
6 10a 7 27a 7 40a 8 15a
7 00 8 03 8 14 8 45
900 959 10 10 10 48 2 20p
10 30 11 35 11 45 12 20
11 30 12 34p 12 46p 1 23p
1 30p 230 242 315
3 30 4 34 4 44 5 15 7 50
*4 45 *5 46 *5 58 *6 35
5 30 6 25 6 36 7 02
*6 15 *7 19 *7 30
6 30 7 35 7 45 8 20
11 30 12 24 12 33 +12 58
