# FOOTBALL TOPS D. P. A. VOTE
## 
### 
RESULTS OF DAILY PALO ALTO STRAW BALLOT
Place Sport 12345 6 78 Total Points
1 Football 395 136 39 16 5 3 1 6 601 4463
2 Track 15 153 223 138 37 11 8 4 589 3420
3 Basketball 15 158 203 129 37 17 10 3 572 3311
4 Baseball 136 96 44 108 99 41 16 21 561 3258
5 Tennis 29 27 40 87 89 80 54 67 473 1867
6 Swimming 7 9 16 60 142 175 84 32 525 1808
7 Polo 9 8 9 17 109 53 60 72 337 1054
8 Soccer 13 7 11 15 26 69 103 66 327 907
9 Boxing 1 3 7 9 40 110 100 i 82 352 894
10 Golf 9 7 9 4 17 22 28 43 139 428
11 Wt. Basketball 1 9 12 28 29 79 163
12 Wrestling 2 5 8 14 27 56 109
13 Fencing 1 3 1 2 5 13 5 30 94
14 Handball 1 4 2 4 3 8 7 29 83
15 Cross Country 11 4 5 10 17 38 79
16 Gym 11 1 2 7 10 9 31 78
RESULTS OF DAILY PALO ALTO STRAW BALLOT
Place Sport 12345 6 78 Total Points
1 Football 395 136 39 16 5 3 1 6 601 4463
2 Track 15 153 223 138 37 11 8 4 589 3420
3 Basketball 15 158 203 129 37 17 10 3 572 3311
4 Baseball 136 96 44 108 99 41 16 21 561 3258
5 Tennis 29 27 40 87 89 80 54 67 473 1867
6 Swimming 7 9 16 60 142 175 84 32 525 1808
7 Polo 9 8 9 17 109 53 60 72 337 1054
8 Soccer 13 7 11 15 26 69 103 66 327 907
9 Boxing 1 3 7 9 40 110 100 i 82 352 894
10 Golf 9 7 9 4 17 22 28 43 139 428
11 Wt. Basketball 1 9 12 28 29 79 163
12 Wrestling 2 5 8 14 27 56 109
13 Fencing 1 3 1 2 5 13 5 30 94
14 Handball 1 4 2 4 3 8 7 29 83
15 Cross Country 11 4 5 10 17 38 79
16 Gym 11 1 2 7 10 9 31 78
RESULTS OF DAILY PALO ALTO STRAW BALLOT
Place Sport 12345 6 78 Total Points
1 Football 395 136 39 16 5 3 1 6 601 4463
2 Track 15 153 223 138 37 11 8 4 589 3420
3 Basketball 15 158 203 129 37 17 10 3 572 3311
4 Baseball 136 96 44 108 99 41 16 21 561 3258
5 Tennis 29 27 40 87 89 80 54 67 473 1867
6 Swimming 7 9 16 60 142 175 84 32 525 1808
7 Polo 9 8 9 17 109 53 60 72 337 1054
8 Soccer 13 7 11 15 26 69 103 66 327 907
9 Boxing 1 3 7 9 40 110 100 i 82 352 894
10 Golf 9 7 9 4 17 22 28 43 139 428
11 Wt. Basketball 1 9 12 28 29 79 163
12 Wrestling 2 5 8 14 27 56 109
13 Fencing 1 3 1 2 5 13 5 30 94
14 Handball 1 4 2 4 3 8 7 29 83
15 Cross Country 11 4 5 10 17 38 79
16 Gym 11 1 2 7 10 9 31 78
RESULTS OF DAILY PALO ALTO STRAW BALLOT
Place Sport 12345 6 78 Total Points
1 Football 395 136 39 16 5 3 1 6 601 4463
2 Track 15 153 223 138 37 11 8 4 589 3420
3 Basketball 15 158 203 129 37 17 10 3 572 3311
4 Baseball 136 96 44 108 99 41 16 21 561 3258
5 Tennis 29 27 40 87 89 80 54 67 473 1867
6 Swimming 7 9 16 60 142 175 84 32 525 1808
7 Polo 9 8 9 17 109 53 60 72 337 1054
8 Soccer 13 7 11 15 26 69 103 66 327 907
9 Boxing 1 3 7 9 40 110 100 i 82 352 894
10 Golf 9 7 9 4 17 22 28 43 139 428
11 Wt. Basketball 1 9 12 28 29 79 163
12 Wrestling 2 5 8 14 27 56 109
13 Fencing 1 3 1 2 5 13 5 30 94
14 Handball 1 4 2 4 3 8 7 29 83
15 Cross Country 11 4 5 10 17 38 79
16 Gym 11 1 2 7 10 9 31 78
RESULTS OF DAILY PALO ALTO STRAW BALLOT
Place Sport 12345 6 78 Total Points
1 Football 395 136 39 16 5 3 1 6 601 4463
2 Track 15 153 223 138 37 11 8 4 589 3420
3 Basketball 15 158 203 129 37 17 10 3 572 3311
4 Baseball 136 96 44 108 99 41 16 21 561 3258
5 Tennis 29 27 40 87 89 80 54 67 473 1867
6 Swimming 7 9 16 60 142 175 84 32 525 1808
7 Polo 9 8 9 17 109 53 60 72 337 1054
8 Soccer 13 7 11 15 26 69 103 66 327 907
9 Boxing 1 3 7 9 40 110 100 i 82 352 894
10 Golf 9 7 9 4 17 22 28 43 139 428
11 Wt. Basketball 1 9 12 28 29 79 163
12 Wrestling 2 5 8 14 27 56 109
13 Fencing 1 3 1 2 5 13 5 30 94
14 Handball 1 4 2 4 3 8 7 29 83
15 Cross Country 11 4 5 10 17 38 79
16 Gym 11 1 2 7 10 9 31 78
RESULTS OF DAILY PALO ALTO STRAW BALLOT
Place Sport 12345 6 78 Total Points
1 Football 395 136 39 16 5 3 1 6 601 4463
2 Track 15 153 223 138 37 11 8 4 589 3420
3 Basketball 15 158 203 129 37 17 10 3 572 3311
4 Baseball 136 96 44 108 99 41 16 21 561 3258
5 Tennis 29 27 40 87 89 80 54 67 473 1867
6 Swimming 7 9 16 60 142 175 84 32 525 1808
7 Polo 9 8 9 17 109 53 60 72 337 1054
8 Soccer 13 7 11 15 26 69 103 66 327 907
9 Boxing 1 3 7 9 40 110 100 i 82 352 894
10 Golf 9 7 9 4 17 22 28 43 139 428
11 Wt. Basketball 1 9 12 28 29 79 163
12 Wrestling 2 5 8 14 27 56 109
13 Fencing 1 3 1 2 5 13 5 30 94
14 Handball 1 4 2 4 3 8 7 29 83
15 Cross Country 11 4 5 10 17 38 79
16 Gym 11 1 2 7 10 9 31 78
RESULTS OF DAILY PALO ALTO STRAW BALLOT
Place Sport 12345 6 78 Total Points
1 Football 395 136 39 16 5 3 1 6 601 4463
2 Track 15 153 223 138 37 11 8 4 589 3420
3 Basketball 15 158 203 129 37 17 10 3 572 3311
4 Baseball 136 96 44 108 99 41 16 21 561 3258
5 Tennis 29 27 40 87 89 80 54 67 473 1867
6 Swimming 7 9 16 60 142 175 84 32 525 1808
7 Polo 9 8 9 17 109 53 60 72 337 1054
8 Soccer 13 7 11 15 26 69 103 66 327 907
9 Boxing 1 3 7 9 40 110 100 i 82 352 894
10 Golf 9 7 9 4 17 22 28 43 139 428
11 Wt. Basketball 1 9 12 28 29 79 163
12 Wrestling 2 5 8 14 27 56 109
13 Fencing 1 3 1 2 5 13 5 30 94
14 Handball 1 4 2 4 3 8 7 29 83
15 Cross Country 11 4 5 10 17 38 79
16 Gym 11 1 2 7 10 9 31 78
RESULTS OF DAILY PALO ALTO STRAW BALLOT
Place Sport 12345 6 78 Total Points
1 Football 395 136 39 16 5 3 1 6 601 4463
2 Track 15 153 223 138 37 11 8 4 589 3420
3 Basketball 15 158 203 129 37 17 10 3 572 3311
4 Baseball 136 96 44 108 99 41 16 21 561 3258
5 Tennis 29 27 40 87 89 80 54 67 473 1867
6 Swimming 7 9 16 60 142 175 84 32 525 1808
7 Polo 9 8 9 17 109 53 60 72 337 1054
8 Soccer 13 7 11 15 26 69 103 66 327 907
9 Boxing 1 3 7 9 40 110 100 i 82 352 894
10 Golf 9 7 9 4 17 22 28 43 139 428
11 Wt. Basketball 1 9 12 28 29 79 163
12 Wrestling 2 5 8 14 27 56 109
13 Fencing 1 3 1 2 5 13 5 30 94
14 Handball 1 4 2 4 3 8 7 29 83
15 Cross Country 11 4 5 10 17 38 79
16 Gym 11 1 2 7 10 9 31 78
RESULTS OF DAILY PALO ALTO STRAW BALLOT
Place Sport 12345 6 78 Total Points
1 Football 395 136 39 16 5 3 1 6 601 4463
2 Track 15 153 223 138 37 11 8 4 589 3420
3 Basketball 15 158 203 129 37 17 10 3 572 3311
4 Baseball 136 96 44 108 99 41 16 21 561 3258
5 Tennis 29 27 40 87 89 80 54 67 473 1867
6 Swimming 7 9 16 60 142 175 84 32 525 1808
7 Polo 9 8 9 17 109 53 60 72 337 1054
8 Soccer 13 7 11 15 26 69 103 66 327 907
9 Boxing 1 3 7 9 40 110 100 i 82 352 894
10 Golf 9 7 9 4 17 22 28 43 139 428
11 Wt. Basketball 1 9 12 28 29 79 163
12 Wrestling 2 5 8 14 27 56 109
13 Fencing 1 3 1 2 5 13 5 30 94
14 Handball 1 4 2 4 3 8 7 29 83
15 Cross Country 11 4 5 10 17 38 79
16 Gym 11 1 2 7 10 9 31 78
RESULTS OF DAILY PALO ALTO STRAW BALLOT
Place Sport 12345 6 78 Total Points
1 Football 395 136 39 16 5 3 1 6 601 4463
2 Track 15 153 223 138 37 11 8 4 589 3420
3 Basketball 15 158 203 129 37 17 10 3 572 3311
4 Baseball 136 96 44 108 99 41 16 21 561 3258
5 Tennis 29 27 40 87 89 80 54 67 473 1867
6 Swimming 7 9 16 60 142 175 84 32 525 1808
7 Polo 9 8 9 17 109 53 60 72 337 1054
8 Soccer 13 7 11 15 26 69 103 66 327 907
9 Boxing 1 3 7 9 40 110 100 i 82 352 894
10 Golf 9 7 9 4 17 22 28 43 139 428
11 Wt. Basketball 1 9 12 28 29 79 163
12 Wrestling 2 5 8 14 27 56 109
13 Fencing 1 3 1 2 5 13 5 30 94
14 Handball 1 4 2 4 3 8 7 29 83
15 Cross Country 11 4 5 10 17 38 79
16 Gym 11 1 2 7 10 9 31 78
RESULTS OF DAILY PALO ALTO STRAW BALLOT
Place Sport 12345 6 78 Total Points
1 Football 395 136 39 16 5 3 1 6 601 4463
2 Track 15 153 223 138 37 11 8 4 589 3420
3 Basketball 15 158 203 129 37 17 10 3 572 3311
4 Baseball 136 96 44 108 99 41 16 21 561 3258
5 Tennis 29 27 40 87 89 80 54 67 473 1867
6 Swimming 7 9 16 60 142 175 84 32 525 1808
7 Polo 9 8 9 17 109 53 60 72 337 1054
8 Soccer 13 7 11 15 26 69 103 66 327 907
9 Boxing 1 3 7 9 40 110 100 i 82 352 894
10 Golf 9 7 9 4 17 22 28 43 139 428
11 Wt. Basketball 1 9 12 28 29 79 163
12 Wrestling 2 5 8 14 27 56 109
13 Fencing 1 3 1 2 5 13 5 30 94
14 Handball 1 4 2 4 3 8 7 29 83
15 Cross Country 11 4 5 10 17 38 79
16 Gym 11 1 2 7 10 9 31 78
RESULTS OF DAILY PALO ALTO STRAW BALLOT
Place Sport 12345 6 78 Total Points
1 Football 395 136 39 16 5 3 1 6 601 4463
2 Track 15 153 223 138 37 11 8 4 589 3420
3 Basketball 15 158 203 129 37 17 10 3 572 3311
4 Baseball 136 96 44 108 99 41 16 21 561 3258
5 Tennis 29 27 40 87 89 80 54 67 473 1867
6 Swimming 7 9 16 60 142 175 84 32 525 1808
7 Polo 9 8 9 17 109 53 60 72 337 1054
8 Soccer 13 7 11 15 26 69 103 66 327 907
9 Boxing 1 3 7 9 40 110 100 i 82 352 894
10 Golf 9 7 9 4 17 22 28 43 139 428
11 Wt. Basketball 1 9 12 28 29 79 163
12 Wrestling 2 5 8 14 27 56 109
13 Fencing 1 3 1 2 5 13 5 30 94
14 Handball 1 4 2 4 3 8 7 29 83
15 Cross Country 11 4 5 10 17 38 79
16 Gym 11 1 2 7 10 9 31 78
RESULTS OF DAILY PALO ALTO STRAW BALLOT
Place Sport 12345 6 78 Total Points
1 Football 395 136 39 16 5 3 1 6 601 4463
2 Track 15 153 223 138 37 11 8 4 589 3420
3 Basketball 15 158 203 129 37 17 10 3 572 3311
4 Baseball 136 96 44 108 99 41 16 21 561 3258
5 Tennis 29 27 40 87 89 80 54 67 473 1867
6 Swimming 7 9 16 60 142 175 84 32 525 1808
7 Polo 9 8 9 17 109 53 60 72 337 1054
8 Soccer 13 7 11 15 26 69 103 66 327 907
9 Boxing 1 3 7 9 40 110 100 i 82 352 894
10 Golf 9 7 9 4 17 22 28 43 139 428
11 Wt. Basketball 1 9 12 28 29 79 163
12 Wrestling 2 5 8 14 27 56 109
13 Fencing 1 3 1 2 5 13 5 30 94
14 Handball 1 4 2 4 3 8 7 29 83
15 Cross Country 11 4 5 10 17 38 79
16 Gym 11 1 2 7 10 9 31 78
RESULTS OF DAILY PALO ALTO STRAW BALLOT
Place Sport 12345 6 78 Total Points
1 Football 395 136 39 16 5 3 1 6 601 4463
2 Track 15 153 223 138 37 11 8 4 589 3420
3 Basketball 15 158 203 129 37 17 10 3 572 3311
4 Baseball 136 96 44 108 99 41 16 21 561 3258
5 Tennis 29 27 40 87 89 80 54 67 473 1867
6 Swimming 7 9 16 60 142 175 84 32 525 1808
7 Polo 9 8 9 17 109 53 60 72 337 1054
8 Soccer 13 7 11 15 26 69 103 66 327 907
9 Boxing 1 3 7 9 40 110 100 i 82 352 894
10 Golf 9 7 9 4 17 22 28 43 139 428
11 Wt. Basketball 1 9 12 28 29 79 163
12 Wrestling 2 5 8 14 27 56 109
13 Fencing 1 3 1 2 5 13 5 30 94
14 Handball 1 4 2 4 3 8 7 29 83
15 Cross Country 11 4 5 10 17 38 79
16 Gym 11 1 2 7 10 9 31 78
RESULTS OF DAILY PALO ALTO STRAW BALLOT
Place Sport 12345 6 78 Total Points
1 Football 395 136 39 16 5 3 1 6 601 4463
2 Track 15 153 223 138 37 11 8 4 589 3420
3 Basketball 15 158 203 129 37 17 10 3 572 3311
4 Baseball 136 96 44 108 99 41 16 21 561 3258
5 Tennis 29 27 40 87 89 80 54 67 473 1867
6 Swimming 7 9 16 60 142 175 84 32 525 1808
7 Polo 9 8 9 17 109 53 60 72 337 1054
8 Soccer 13 7 11 15 26 69 103 66 327 907
9 Boxing 1 3 7 9 40 110 100 i 82 352 894
10 Golf 9 7 9 4 17 22 28 43 139 428
11 Wt. Basketball 1 9 12 28 29 79 163
12 Wrestling 2 5 8 14 27 56 109
13 Fencing 1 3 1 2 5 13 5 30 94
14 Handball 1 4 2 4 3 8 7 29 83
15 Cross Country 11 4 5 10 17 38 79
16 Gym 11 1 2 7 10 9 31 78
