# Southern Pacific Time-Table.
## 
### 
Toward San Francisco.
SAN RED- PAI.O SAN PACIFIC
FRAN. WOOD ALTO JOSE GROVE
6 36a 5 13a 5 00a 4 30a
*6 46 *5 43 *5 30
*8 00 *6 51 *6 40 *6 10
8 36 7 38 7 27 7 00
*9 26 *8 24 *8 12 *7 36
10 45 9 38 9 27 9 00
12 15 11 22 11 13 10 50
1 20 12 03 11 52 11 20
4 10 3 15 3 06p 2 40p 10 00
5 36 4 29 4 18 3 45
6 30 5 13 5 02 4 30
7 30 6 26 6 14 5 36
9 45 8 26 8 15 7 45
*9 45 *8 26 *8 15
From San Francisco.
6 10a 7 27a 7 40a 8 15a
7 00 8 03 8 14 8 45
9 00 9 59 10 10 10 48 2 20p
10 30 11 35 11 45 12 20
11 30 12 34p 12 46p 1 23p
1 30p 2 30 2 42 3 15
3 30 4 34 4 44 5 15 7 50
*4 45 *5 4(5 *5 58 *6 35
5 30 6 25 6 36 7 02
*6 15 *7 19 *7 30
6 30 7 35 7 45 8 20
11 30 12 24 12 33 +12 58
♦Daily except Sunday. t Saturday only
1 Sunday only.
