# Southern Pacific Time-Table.
## 
### 
From San Francisco.
SAN RED- PALO SAN PACIBIO
ITHAN. WOOD AIjTO JOSE GKOVE
6 10a 7 41a 7 51a 830
7 00 8 10 8 21 9 00
$7 30 48 28 48 38 49 10
900 10 07 10 19 10 55 155
10 30 11 40 11 51 12 30
11 30 12 44p 12 56p 1 30p
*2 45p *3 39 *3 48 *4 15 *6 40p
3 30 4 37 4 48 5 25
*4 15 *5 11 *5 20 *5 50
*5 00 *5 55 *6 08 *6 40
5 30 6 25 6 36 7 02
6 30 7 42 7 55 8 30
411 45 +12 51 +1 01 +1 30
Toward San Francisco.
6 30a 5 13a 5 00a 4 30a
*8 00 *6 51 *6 40 *6 10
8 36 7 41 7 30 7 05
*9 00 *8 10 *7 58 *7 26 ....
9 45 8 42 8 30 8 00
*10 45 *9 51 *9 41 *9 20 *6 35
1 30p 12 12p 11 59 11 25
4 10 3 12 3 01 2 30
5 30 4 15 4 04 3 30
6 30 4 58 4 40 4 00
7 45 6 41 6 28 5 50 2 25
*Daily except Sunday. tSaturdav only.
4 Sunday only.
From San Francisco.
SAN RED- PALO SAN PACIBIO
ITHAN. WOOD AIjTO JOSE GKOVE
6 10a 7 41a 7 51a 830
7 00 8 10 8 21 9 00
$7 30 48 28 48 38 49 10
900 10 07 10 19 10 55 155
10 30 11 40 11 51 12 30
11 30 12 44p 12 56p 1 30p
*2 45p *3 39 *3 48 *4 15 *6 40p
3 30 4 37 4 48 5 25
*4 15 *5 11 *5 20 *5 50
*5 00 *5 55 *6 08 *6 40
5 30 6 25 6 36 7 02
6 30 7 42 7 55 8 30
411 45 +12 51 +1 01 +1 30
Toward San Francisco.
6 30a 5 13a 5 00a 4 30a
*8 00 *6 51 *6 40 *6 10
8 36 7 41 7 30 7 05
*9 00 *8 10 *7 58 *7 26 ....
9 45 8 42 8 30 8 00
*10 45 *9 51 *9 41 *9 20 *6 35
1 30p 12 12p 11 59 11 25
4 10 3 12 3 01 2 30
5 30 4 15 4 04 3 30
6 30 4 58 4 40 4 00
7 45 6 41 6 28 5 50 2 25
*Daily except Sunday. tSaturdav only.
4 Sunday only.
From San Francisco.
SAN RED- PALO SAN PACIBIO
ITHAN. WOOD AIjTO JOSE GKOVE
6 10a 7 41a 7 51a 830
7 00 8 10 8 21 9 00
$7 30 48 28 48 38 49 10
900 10 07 10 19 10 55 155
10 30 11 40 11 51 12 30
11 30 12 44p 12 56p 1 30p
*2 45p *3 39 *3 48 *4 15 *6 40p
3 30 4 37 4 48 5 25
*4 15 *5 11 *5 20 *5 50
*5 00 *5 55 *6 08 *6 40
5 30 6 25 6 36 7 02
6 30 7 42 7 55 8 30
411 45 +12 51 +1 01 +1 30
Toward San Francisco.
6 30a 5 13a 5 00a 4 30a
*8 00 *6 51 *6 40 *6 10
8 36 7 41 7 30 7 05
*9 00 *8 10 *7 58 *7 26 ....
9 45 8 42 8 30 8 00
*10 45 *9 51 *9 41 *9 20 *6 35
1 30p 12 12p 11 59 11 25
4 10 3 12 3 01 2 30
5 30 4 15 4 04 3 30
6 30 4 58 4 40 4 00
7 45 6 41 6 28 5 50 2 25
*Daily except Sunday. tSaturdav only.
4 Sunday only.
From San Francisco.
SAN RED- PALO SAN PACIBIO
ITHAN. WOOD AIjTO JOSE GKOVE
6 10a 7 41a 7 51a 830
7 00 8 10 8 21 9 00
$7 30 48 28 48 38 49 10
900 10 07 10 19 10 55 155
10 30 11 40 11 51 12 30
11 30 12 44p 12 56p 1 30p
*2 45p *3 39 *3 48 *4 15 *6 40p
3 30 4 37 4 48 5 25
*4 15 *5 11 *5 20 *5 50
*5 00 *5 55 *6 08 *6 40
5 30 6 25 6 36 7 02
6 30 7 42 7 55 8 30
411 45 +12 51 +1 01 +1 30
Toward San Francisco.
6 30a 5 13a 5 00a 4 30a
*8 00 *6 51 *6 40 *6 10
8 36 7 41 7 30 7 05
*9 00 *8 10 *7 58 *7 26 ....
9 45 8 42 8 30 8 00
*10 45 *9 51 *9 41 *9 20 *6 35
1 30p 12 12p 11 59 11 25
4 10 3 12 3 01 2 30
5 30 4 15 4 04 3 30
6 30 4 58 4 40 4 00
7 45 6 41 6 28 5 50 2 25
*Daily except Sunday. tSaturdav only.
4 Sunday only.
From San Francisco.
SAN RED- PALO SAN PACIBIO
ITHAN. WOOD AIjTO JOSE GKOVE
6 10a 7 41a 7 51a 830
7 00 8 10 8 21 9 00
$7 30 48 28 48 38 49 10
900 10 07 10 19 10 55 155
10 30 11 40 11 51 12 30
11 30 12 44p 12 56p 1 30p
*2 45p *3 39 *3 48 *4 15 *6 40p
3 30 4 37 4 48 5 25
*4 15 *5 11 *5 20 *5 50
*5 00 *5 55 *6 08 *6 40
5 30 6 25 6 36 7 02
6 30 7 42 7 55 8 30
411 45 +12 51 +1 01 +1 30
Toward San Francisco.
6 30a 5 13a 5 00a 4 30a
*8 00 *6 51 *6 40 *6 10
8 36 7 41 7 30 7 05
*9 00 *8 10 *7 58 *7 26 ....
9 45 8 42 8 30 8 00
*10 45 *9 51 *9 41 *9 20 *6 35
1 30p 12 12p 11 59 11 25
4 10 3 12 3 01 2 30
5 30 4 15 4 04 3 30
6 30 4 58 4 40 4 00
7 45 6 41 6 28 5 50 2 25
*Daily except Sunday. tSaturdav only.
4 Sunday only.
From San Francisco.
SAN RED- PALO SAN PACIBIO
ITHAN. WOOD AIjTO JOSE GKOVE
6 10a 7 41a 7 51a 830
7 00 8 10 8 21 9 00
$7 30 48 28 48 38 49 10
900 10 07 10 19 10 55 155
10 30 11 40 11 51 12 30
11 30 12 44p 12 56p 1 30p
*2 45p *3 39 *3 48 *4 15 *6 40p
3 30 4 37 4 48 5 25
*4 15 *5 11 *5 20 *5 50
*5 00 *5 55 *6 08 *6 40
5 30 6 25 6 36 7 02
6 30 7 42 7 55 8 30
411 45 +12 51 +1 01 +1 30
Toward San Francisco.
6 30a 5 13a 5 00a 4 30a
*8 00 *6 51 *6 40 *6 10
8 36 7 41 7 30 7 05
*9 00 *8 10 *7 58 *7 26 ....
9 45 8 42 8 30 8 00
*10 45 *9 51 *9 41 *9 20 *6 35
1 30p 12 12p 11 59 11 25
4 10 3 12 3 01 2 30
5 30 4 15 4 04 3 30
6 30 4 58 4 40 4 00
7 45 6 41 6 28 5 50 2 25
*Daily except Sunday. tSaturdav only.
4 Sunday only.
From San Francisco.
SAN RED- PALO SAN PACIBIO
ITHAN. WOOD AIjTO JOSE GKOVE
6 10a 7 41a 7 51a 830
7 00 8 10 8 21 9 00
$7 30 48 28 48 38 49 10
900 10 07 10 19 10 55 155
10 30 11 40 11 51 12 30
11 30 12 44p 12 56p 1 30p
*2 45p *3 39 *3 48 *4 15 *6 40p
3 30 4 37 4 48 5 25
*4 15 *5 11 *5 20 *5 50
*5 00 *5 55 *6 08 *6 40
5 30 6 25 6 36 7 02
6 30 7 42 7 55 8 30
411 45 +12 51 +1 01 +1 30
Toward San Francisco.
6 30a 5 13a 5 00a 4 30a
*8 00 *6 51 *6 40 *6 10
8 36 7 41 7 30 7 05
*9 00 *8 10 *7 58 *7 26 ....
9 45 8 42 8 30 8 00
*10 45 *9 51 *9 41 *9 20 *6 35
1 30p 12 12p 11 59 11 25
4 10 3 12 3 01 2 30
5 30 4 15 4 04 3 30
6 30 4 58 4 40 4 00
7 45 6 41 6 28 5 50 2 25
*Daily except Sunday. tSaturdav only.
4 Sunday only.
From San Francisco.
SAN RED- PALO SAN PACIBIO
ITHAN. WOOD AIjTO JOSE GKOVE
6 10a 7 41a 7 51a 830
7 00 8 10 8 21 9 00
$7 30 48 28 48 38 49 10
900 10 07 10 19 10 55 155
10 30 11 40 11 51 12 30
11 30 12 44p 12 56p 1 30p
*2 45p *3 39 *3 48 *4 15 *6 40p
3 30 4 37 4 48 5 25
*4 15 *5 11 *5 20 *5 50
*5 00 *5 55 *6 08 *6 40
5 30 6 25 6 36 7 02
6 30 7 42 7 55 8 30
411 45 +12 51 +1 01 +1 30
Toward San Francisco.
6 30a 5 13a 5 00a 4 30a
*8 00 *6 51 *6 40 *6 10
8 36 7 41 7 30 7 05
*9 00 *8 10 *7 58 *7 26 ....
9 45 8 42 8 30 8 00
*10 45 *9 51 *9 41 *9 20 *6 35
1 30p 12 12p 11 59 11 25
4 10 3 12 3 01 2 30
5 30 4 15 4 04 3 30
6 30 4 58 4 40 4 00
7 45 6 41 6 28 5 50 2 25
*Daily except Sunday. tSaturdav only.
4 Sunday only.
