# Southern Pacific Time-Table.
## 
### 
Toward San Francisco.
5 13a
*5 43
*6 51
7 38
*8 10
8 41
8 58
9 52
11 22
12 03p
3 15
4 31
5 09
6 24
8 26
*8 26
5 00a
*5 30
*6 40
7 27
*7 57
8 30
8 45
9 43
11 13
11 52
3 06p
4 21
4 55
6 12
8 15
*8 15
From San Francisco.
7 27a
*S 03
}8 06
9 59
11 35
12 34 p
2 30
4 34
5 25
*5 54
6 25
*7 13
7 35
9 04
12 24
7 40a 8 15a
*8 14 *8 45
J8 14 }8 45
10 10 10 48
11 45 12 20p
12 46p 1 23p
2 42 3 15
4 44 5 15
5 35 6 05
*6 05 *6 38
6 36 7 05
*7 25
7 45 8 20
9 15
12 33 +12 58
* Daily except Sunday. t Saturday only
1 Sunday only.
Toward San Francisco.
5 13a
*5 43
*6 51
7 38
*8 10
8 41
8 58
9 52
11 22
12 03p
3 15
4 31
5 09
6 24
8 26
*8 26
5 00a
*5 30
*6 40
7 27
*7 57
8 30
8 45
9 43
11 13
11 52
3 06p
4 21
4 55
6 12
8 15
*8 15
From San Francisco.
7 27a
*S 03
}8 06
9 59
11 35
12 34 p
2 30
4 34
5 25
*5 54
6 25
*7 13
7 35
9 04
12 24
7 40a 8 15a
*8 14 *8 45
J8 14 }8 45
10 10 10 48
11 45 12 20p
12 46p 1 23p
2 42 3 15
4 44 5 15
5 35 6 05
*6 05 *6 38
6 36 7 05
*7 25
7 45 8 20
9 15
12 33 +12 58
* Daily except Sunday. t Saturday only
1 Sunday only.
Toward San Francisco.
5 13a
*5 43
*6 51
7 38
*8 10
8 41
8 58
9 52
11 22
12 03p
3 15
4 31
5 09
6 24
8 26
*8 26
5 00a
*5 30
*6 40
7 27
*7 57
8 30
8 45
9 43
11 13
11 52
3 06p
4 21
4 55
6 12
8 15
*8 15
From San Francisco.
7 27a
*S 03
}8 06
9 59
11 35
12 34 p
2 30
4 34
5 25
*5 54
6 25
*7 13
7 35
9 04
12 24
7 40a 8 15a
*8 14 *8 45
J8 14 }8 45
10 10 10 48
11 45 12 20p
12 46p 1 23p
2 42 3 15
4 44 5 15
5 35 6 05
*6 05 *6 38
6 36 7 05
*7 25
7 45 8 20
9 15
12 33 +12 58
* Daily except Sunday. t Saturday only
1 Sunday only.
Toward San Francisco.
5 13a
*5 43
*6 51
7 38
*8 10
8 41
8 58
9 52
11 22
12 03p
3 15
4 31
5 09
6 24
8 26
*8 26
5 00a
*5 30
*6 40
7 27
*7 57
8 30
8 45
9 43
11 13
11 52
3 06p
4 21
4 55
6 12
8 15
*8 15
From San Francisco.
7 27a
*S 03
}8 06
9 59
11 35
12 34 p
2 30
4 34
5 25
*5 54
6 25
*7 13
7 35
9 04
12 24
7 40a 8 15a
*8 14 *8 45
J8 14 }8 45
10 10 10 48
11 45 12 20p
12 46p 1 23p
2 42 3 15
4 44 5 15
5 35 6 05
*6 05 *6 38
6 36 7 05
*7 25
7 45 8 20
9 15
12 33 +12 58
* Daily except Sunday. t Saturday only
1 Sunday only.
Toward San Francisco.
5 13a
*5 43
*6 51
7 38
*8 10
8 41
8 58
9 52
11 22
12 03p
3 15
4 31
5 09
6 24
8 26
*8 26
5 00a
*5 30
*6 40
7 27
*7 57
8 30
8 45
9 43
11 13
11 52
3 06p
4 21
4 55
6 12
8 15
*8 15
From San Francisco.
7 27a
*S 03
}8 06
9 59
11 35
12 34 p
2 30
4 34
5 25
*5 54
6 25
*7 13
7 35
9 04
12 24
7 40a 8 15a
*8 14 *8 45
J8 14 }8 45
10 10 10 48
11 45 12 20p
12 46p 1 23p
2 42 3 15
4 44 5 15
5 35 6 05
*6 05 *6 38
6 36 7 05
*7 25
7 45 8 20
9 15
12 33 +12 58
* Daily except Sunday. t Saturday only
1 Sunday only.
Toward San Francisco.
5 13a
*5 43
*6 51
7 38
*8 10
8 41
8 58
9 52
11 22
12 03p
3 15
4 31
5 09
6 24
8 26
*8 26
5 00a
*5 30
*6 40
7 27
*7 57
8 30
8 45
9 43
11 13
11 52
3 06p
4 21
4 55
6 12
8 15
*8 15
From San Francisco.
7 27a
*S 03
}8 06
9 59
11 35
12 34 p
2 30
4 34
5 25
*5 54
6 25
*7 13
7 35
9 04
12 24
7 40a 8 15a
*8 14 *8 45
J8 14 }8 45
10 10 10 48
11 45 12 20p
12 46p 1 23p
2 42 3 15
4 44 5 15
5 35 6 05
*6 05 *6 38
6 36 7 05
*7 25
7 45 8 20
9 15
12 33 +12 58
* Daily except Sunday. t Saturday only
1 Sunday only.
Toward San Francisco.
5 13a
*5 43
*6 51
7 38
*8 10
8 41
8 58
9 52
11 22
12 03p
3 15
4 31
5 09
6 24
8 26
*8 26
5 00a
*5 30
*6 40
7 27
*7 57
8 30
8 45
9 43
11 13
11 52
3 06p
4 21
4 55
6 12
8 15
*8 15
From San Francisco.
7 27a
*S 03
}8 06
9 59
11 35
12 34 p
2 30
4 34
5 25
*5 54
6 25
*7 13
7 35
9 04
12 24
7 40a 8 15a
*8 14 *8 45
J8 14 }8 45
10 10 10 48
11 45 12 20p
12 46p 1 23p
2 42 3 15
4 44 5 15
5 35 6 05
*6 05 *6 38
6 36 7 05
*7 25
7 45 8 20
9 15
12 33 +12 58
* Daily except Sunday. t Saturday only
1 Sunday only.
Toward San Francisco.
5 13a
*5 43
*6 51
7 38
*8 10
8 41
8 58
9 52
11 22
12 03p
3 15
4 31
5 09
6 24
8 26
*8 26
5 00a
*5 30
*6 40
7 27
*7 57
8 30
8 45
9 43
11 13
11 52
3 06p
4 21
4 55
6 12
8 15
*8 15
From San Francisco.
7 27a
*S 03
}8 06
9 59
11 35
12 34 p
2 30
4 34
5 25
*5 54
6 25
*7 13
7 35
9 04
12 24
7 40a 8 15a
*8 14 *8 45
J8 14 }8 45
10 10 10 48
11 45 12 20p
12 46p 1 23p
2 42 3 15
4 44 5 15
5 35 6 05
*6 05 *6 38
6 36 7 05
*7 25
7 45 8 20
9 15
12 33 +12 58
* Daily except Sunday. t Saturday only
1 Sunday only.
