# RECORDS OF EIGHTEEN ANNUAL FOOTBALL CONTESTS.
## 
### 
s c
1592, March 14 10
1592, December 10 10
1893 6 6
1594 6 0
1895 0 6
1896 20 0
1897 28 0
1898 0 22
1899 0 30
1900 5 0
1901 0 2
1!»02 0 16
1903 6 6
1904 18 0
1905 12 5
1906 6 3
1907 21 11
1908 12 3
Total 170 130
s c
1592, March 14 10
1592, December 10 10
1893 6 6
1594 6 0
1895 0 6
1896 20 0
1897 28 0
1898 0 22
1899 0 30
1900 5 0
1901 0 2
1!»02 0 16
1903 6 6
1904 18 0
1905 12 5
1906 6 3
1907 21 11
1908 12 3
Total 170 130
s c
1592, March 14 10
1592, December 10 10
1893 6 6
1594 6 0
1895 0 6
1896 20 0
1897 28 0
1898 0 22
1899 0 30
1900 5 0
1901 0 2
1!»02 0 16
1903 6 6
1904 18 0
1905 12 5
1906 6 3
1907 21 11
1908 12 3
Total 170 130
s c
1592, March 14 10
1592, December 10 10
1893 6 6
1594 6 0
1895 0 6
1896 20 0
1897 28 0
1898 0 22
1899 0 30
1900 5 0
1901 0 2
1!»02 0 16
1903 6 6
1904 18 0
1905 12 5
1906 6 3
1907 21 11
1908 12 3
Total 170 130
s c
1592, March 14 10
1592, December 10 10
1893 6 6
1594 6 0
1895 0 6
1896 20 0
1897 28 0
1898 0 22
1899 0 30
1900 5 0
1901 0 2
1!»02 0 16
1903 6 6
1904 18 0
1905 12 5
1906 6 3
1907 21 11
1908 12 3
Total 170 130
s c
1592, March 14 10
1592, December 10 10
1893 6 6
1594 6 0
1895 0 6
1896 20 0
1897 28 0
1898 0 22
1899 0 30
1900 5 0
1901 0 2
1!»02 0 16
1903 6 6
1904 18 0
1905 12 5
1906 6 3
1907 21 11
1908 12 3
Total 170 130
s c
1592, March 14 10
1592, December 10 10
1893 6 6
1594 6 0
1895 0 6
1896 20 0
1897 28 0
1898 0 22
1899 0 30
1900 5 0
1901 0 2
1!»02 0 16
1903 6 6
1904 18 0
1905 12 5
1906 6 3
1907 21 11
1908 12 3
Total 170 130
s c
1592, March 14 10
1592, December 10 10
1893 6 6
1594 6 0
1895 0 6
1896 20 0
1897 28 0
1898 0 22
1899 0 30
1900 5 0
1901 0 2
1!»02 0 16
1903 6 6
1904 18 0
1905 12 5
1906 6 3
1907 21 11
1908 12 3
Total 170 130
s c
1592, March 14 10
1592, December 10 10
1893 6 6
1594 6 0
1895 0 6
1896 20 0
1897 28 0
1898 0 22
1899 0 30
1900 5 0
1901 0 2
1!»02 0 16
1903 6 6
1904 18 0
1905 12 5
1906 6 3
1907 21 11
1908 12 3
Total 170 130
s c
1592, March 14 10
1592, December 10 10
1893 6 6
1594 6 0
1895 0 6
1896 20 0
1897 28 0
1898 0 22
1899 0 30
1900 5 0
1901 0 2
1!»02 0 16
1903 6 6
1904 18 0
1905 12 5
1906 6 3
1907 21 11
1908 12 3
Total 170 130
s c
1592, March 14 10
1592, December 10 10
1893 6 6
1594 6 0
1895 0 6
1896 20 0
1897 28 0
1898 0 22
1899 0 30
1900 5 0
1901 0 2
1!»02 0 16
1903 6 6
1904 18 0
1905 12 5
1906 6 3
1907 21 11
1908 12 3
Total 170 130
