# Southern Pacific Time-Table.
## 
### 
Toward San Francisco.
SAN KKU- PA F-iO SAN PACIFIC
FRAN. WOOD ALTO JOSE GROVE
6 36a 5 13a 5 00a 4 30a
*6 40 *5 43 *5 30
*8 00 *6 51 *6 40 *6 10
8 36 7 41 7 30 7 05
*9 00 *8 10 *7 58 *7 26
10 00 8 50 8 32 8 00
10 45 9 52 9 43 9 20 6 20
1 30p 12 12p 11 59 11 25
4 10 3 15 3 06 p 2 40p 10 00
5 30 4 23 4 11 3 26
6 30 4 59 4 45 4 05
+7 00 t5 55 +5 42 t5 05
7 30 6 25 6 14 5 35
48 30 47' 33 47 22 46 50 44 15
*9 45 *8 22 *8 09 47 30
From San Francisco.
6 10a 7 41a 7 51a 8 30a
*7 00 *8 10 *8 21 9 00
47 15 48 06 48 14 48 45
9 00 10 00 10 11 10 48 2 20p
10 30 11 40 11 51 12 30
11 30 12 44p 12 56p 1 33p
tl 30p 12 32 +2 45 f3 30
*2 00 *3 15 *3 27 *4 05
3 30 4 31 4 39 5 05 7 50
4 30 5 25 5 35 6 05
*5 00 *5 55 *6 06 *6 40
5 30 6 25 6 36 7 02
*6 15 *7 19 *7 30
6 30 7 41 7 54 8 30
11 45 12 51 1 01 tl 30
* Daily except Sunday. t Saturday only,
t Sunday only.
Toward San Francisco.
SAN KKU- PA F-iO SAN PACIFIC
FRAN. WOOD ALTO JOSE GROVE
6 36a 5 13a 5 00a 4 30a
*6 40 *5 43 *5 30
*8 00 *6 51 *6 40 *6 10
8 36 7 41 7 30 7 05
*9 00 *8 10 *7 58 *7 26
10 00 8 50 8 32 8 00
10 45 9 52 9 43 9 20 6 20
1 30p 12 12p 11 59 11 25
4 10 3 15 3 06 p 2 40p 10 00
5 30 4 23 4 11 3 26
6 30 4 59 4 45 4 05
+7 00 t5 55 +5 42 t5 05
7 30 6 25 6 14 5 35
48 30 47' 33 47 22 46 50 44 15
*9 45 *8 22 *8 09 47 30
From San Francisco.
6 10a 7 41a 7 51a 8 30a
*7 00 *8 10 *8 21 9 00
47 15 48 06 48 14 48 45
9 00 10 00 10 11 10 48 2 20p
10 30 11 40 11 51 12 30
11 30 12 44p 12 56p 1 33p
tl 30p 12 32 +2 45 f3 30
*2 00 *3 15 *3 27 *4 05
3 30 4 31 4 39 5 05 7 50
4 30 5 25 5 35 6 05
*5 00 *5 55 *6 06 *6 40
5 30 6 25 6 36 7 02
*6 15 *7 19 *7 30
6 30 7 41 7 54 8 30
11 45 12 51 1 01 tl 30
* Daily except Sunday. t Saturday only,
t Sunday only.
Toward San Francisco.
SAN KKU- PA F-iO SAN PACIFIC
FRAN. WOOD ALTO JOSE GROVE
6 36a 5 13a 5 00a 4 30a
*6 40 *5 43 *5 30
*8 00 *6 51 *6 40 *6 10
8 36 7 41 7 30 7 05
*9 00 *8 10 *7 58 *7 26
10 00 8 50 8 32 8 00
10 45 9 52 9 43 9 20 6 20
1 30p 12 12p 11 59 11 25
4 10 3 15 3 06 p 2 40p 10 00
5 30 4 23 4 11 3 26
6 30 4 59 4 45 4 05
+7 00 t5 55 +5 42 t5 05
7 30 6 25 6 14 5 35
48 30 47' 33 47 22 46 50 44 15
*9 45 *8 22 *8 09 47 30
From San Francisco.
6 10a 7 41a 7 51a 8 30a
*7 00 *8 10 *8 21 9 00
47 15 48 06 48 14 48 45
9 00 10 00 10 11 10 48 2 20p
10 30 11 40 11 51 12 30
11 30 12 44p 12 56p 1 33p
tl 30p 12 32 +2 45 f3 30
*2 00 *3 15 *3 27 *4 05
3 30 4 31 4 39 5 05 7 50
4 30 5 25 5 35 6 05
*5 00 *5 55 *6 06 *6 40
5 30 6 25 6 36 7 02
*6 15 *7 19 *7 30
6 30 7 41 7 54 8 30
11 45 12 51 1 01 tl 30
* Daily except Sunday. t Saturday only,
t Sunday only.
Toward San Francisco.
SAN KKU- PA F-iO SAN PACIFIC
FRAN. WOOD ALTO JOSE GROVE
6 36a 5 13a 5 00a 4 30a
*6 40 *5 43 *5 30
*8 00 *6 51 *6 40 *6 10
8 36 7 41 7 30 7 05
*9 00 *8 10 *7 58 *7 26
10 00 8 50 8 32 8 00
10 45 9 52 9 43 9 20 6 20
1 30p 12 12p 11 59 11 25
4 10 3 15 3 06 p 2 40p 10 00
5 30 4 23 4 11 3 26
6 30 4 59 4 45 4 05
+7 00 t5 55 +5 42 t5 05
7 30 6 25 6 14 5 35
48 30 47' 33 47 22 46 50 44 15
*9 45 *8 22 *8 09 47 30
From San Francisco.
6 10a 7 41a 7 51a 8 30a
*7 00 *8 10 *8 21 9 00
47 15 48 06 48 14 48 45
9 00 10 00 10 11 10 48 2 20p
10 30 11 40 11 51 12 30
11 30 12 44p 12 56p 1 33p
tl 30p 12 32 +2 45 f3 30
*2 00 *3 15 *3 27 *4 05
3 30 4 31 4 39 5 05 7 50
4 30 5 25 5 35 6 05
*5 00 *5 55 *6 06 *6 40
5 30 6 25 6 36 7 02
*6 15 *7 19 *7 30
6 30 7 41 7 54 8 30
11 45 12 51 1 01 tl 30
* Daily except Sunday. t Saturday only,
t Sunday only.
Toward San Francisco.
SAN KKU- PA F-iO SAN PACIFIC
FRAN. WOOD ALTO JOSE GROVE
6 36a 5 13a 5 00a 4 30a
*6 40 *5 43 *5 30
*8 00 *6 51 *6 40 *6 10
8 36 7 41 7 30 7 05
*9 00 *8 10 *7 58 *7 26
10 00 8 50 8 32 8 00
10 45 9 52 9 43 9 20 6 20
1 30p 12 12p 11 59 11 25
4 10 3 15 3 06 p 2 40p 10 00
5 30 4 23 4 11 3 26
6 30 4 59 4 45 4 05
+7 00 t5 55 +5 42 t5 05
7 30 6 25 6 14 5 35
48 30 47' 33 47 22 46 50 44 15
*9 45 *8 22 *8 09 47 30
From San Francisco.
6 10a 7 41a 7 51a 8 30a
*7 00 *8 10 *8 21 9 00
47 15 48 06 48 14 48 45
9 00 10 00 10 11 10 48 2 20p
10 30 11 40 11 51 12 30
11 30 12 44p 12 56p 1 33p
tl 30p 12 32 +2 45 f3 30
*2 00 *3 15 *3 27 *4 05
3 30 4 31 4 39 5 05 7 50
4 30 5 25 5 35 6 05
*5 00 *5 55 *6 06 *6 40
5 30 6 25 6 36 7 02
*6 15 *7 19 *7 30
6 30 7 41 7 54 8 30
11 45 12 51 1 01 tl 30
* Daily except Sunday. t Saturday only,
t Sunday only.
Toward San Francisco.
SAN KKU- PA F-iO SAN PACIFIC
FRAN. WOOD ALTO JOSE GROVE
6 36a 5 13a 5 00a 4 30a
*6 40 *5 43 *5 30
*8 00 *6 51 *6 40 *6 10
8 36 7 41 7 30 7 05
*9 00 *8 10 *7 58 *7 26
10 00 8 50 8 32 8 00
10 45 9 52 9 43 9 20 6 20
1 30p 12 12p 11 59 11 25
4 10 3 15 3 06 p 2 40p 10 00
5 30 4 23 4 11 3 26
6 30 4 59 4 45 4 05
+7 00 t5 55 +5 42 t5 05
7 30 6 25 6 14 5 35
48 30 47' 33 47 22 46 50 44 15
*9 45 *8 22 *8 09 47 30
From San Francisco.
6 10a 7 41a 7 51a 8 30a
*7 00 *8 10 *8 21 9 00
47 15 48 06 48 14 48 45
9 00 10 00 10 11 10 48 2 20p
10 30 11 40 11 51 12 30
11 30 12 44p 12 56p 1 33p
tl 30p 12 32 +2 45 f3 30
*2 00 *3 15 *3 27 *4 05
3 30 4 31 4 39 5 05 7 50
4 30 5 25 5 35 6 05
*5 00 *5 55 *6 06 *6 40
5 30 6 25 6 36 7 02
*6 15 *7 19 *7 30
6 30 7 41 7 54 8 30
11 45 12 51 1 01 tl 30
* Daily except Sunday. t Saturday only,
t Sunday only.
Toward San Francisco.
SAN KKU- PA F-iO SAN PACIFIC
FRAN. WOOD ALTO JOSE GROVE
6 36a 5 13a 5 00a 4 30a
*6 40 *5 43 *5 30
*8 00 *6 51 *6 40 *6 10
8 36 7 41 7 30 7 05
*9 00 *8 10 *7 58 *7 26
10 00 8 50 8 32 8 00
10 45 9 52 9 43 9 20 6 20
1 30p 12 12p 11 59 11 25
4 10 3 15 3 06 p 2 40p 10 00
5 30 4 23 4 11 3 26
6 30 4 59 4 45 4 05
+7 00 t5 55 +5 42 t5 05
7 30 6 25 6 14 5 35
48 30 47' 33 47 22 46 50 44 15
*9 45 *8 22 *8 09 47 30
From San Francisco.
6 10a 7 41a 7 51a 8 30a
*7 00 *8 10 *8 21 9 00
47 15 48 06 48 14 48 45
9 00 10 00 10 11 10 48 2 20p
10 30 11 40 11 51 12 30
11 30 12 44p 12 56p 1 33p
tl 30p 12 32 +2 45 f3 30
*2 00 *3 15 *3 27 *4 05
3 30 4 31 4 39 5 05 7 50
4 30 5 25 5 35 6 05
*5 00 *5 55 *6 06 *6 40
5 30 6 25 6 36 7 02
*6 15 *7 19 *7 30
6 30 7 41 7 54 8 30
11 45 12 51 1 01 tl 30
* Daily except Sunday. t Saturday only,
t Sunday only.
