# Southern Pacific Time-Table.
## 
### 
Toward San Francihco.
SAN BED- PALO SAN PACIFIC
FRAN. WOOD ALTO JOSE GROVE
6 36a 5 13a 5 00a 4 30a
*6 46 *5 43 *5 30
*7 55 *6 46 *6 35 *6 05
8 36 7 38 7 27 7 00
*9 00 *8 07 *7 54 *7 21
9 50 8 51 8 40 8 10
10 15 8 58 8 45
10 35 9 40 9 31 9 05
12 15 11 18 11 08 10 45 7 55
1 20p 12 08p 11 52 11 20
4 30 3 35 3 26p 3 OOp *11 45a
5 40 4 31 4 21 3 50
6 30 5 09 4 55 4 20
7 40 6 34 6 22 5 50
J9 45 *8 26 $8 15 i7 45
*9 15 *8 01 *7 50 t" 15
From San Francihco.
6 10a 7 27a 7 40a 8 15a
7 00 7 53 8 04 8 30 11 4oa
9 00 10 04 10 16 10 50
10 30 11 35 11 45 12 20p
11 30 12 34p 12 46p 1 20p
2 15p 3 14 3 27 4 00
3 30 4 35 4 46 5 20
4 30 5 25 5 35 6 05
*5 00 *5 54 *6 05 *6 38
5 30 6 25 6 36 7 05
*6 15 *7 13 *7 25
6 30 7 35 7 45 8 20
8 00 9 04 9 15
11 35 12 29 12 38 +1 03
* Daily except Sunday. tSaturday only.
I Sunday only.
Toward San Francihco.
SAN BED- PALO SAN PACIFIC
FRAN. WOOD ALTO JOSE GROVE
6 36a 5 13a 5 00a 4 30a
*6 46 *5 43 *5 30
*7 55 *6 46 *6 35 *6 05
8 36 7 38 7 27 7 00
*9 00 *8 07 *7 54 *7 21
9 50 8 51 8 40 8 10
10 15 8 58 8 45
10 35 9 40 9 31 9 05
12 15 11 18 11 08 10 45 7 55
1 20p 12 08p 11 52 11 20
4 30 3 35 3 26p 3 OOp *11 45a
5 40 4 31 4 21 3 50
6 30 5 09 4 55 4 20
7 40 6 34 6 22 5 50
J9 45 *8 26 $8 15 i7 45
*9 15 *8 01 *7 50 t" 15
From San Francihco.
6 10a 7 27a 7 40a 8 15a
7 00 7 53 8 04 8 30 11 4oa
9 00 10 04 10 16 10 50
10 30 11 35 11 45 12 20p
11 30 12 34p 12 46p 1 20p
2 15p 3 14 3 27 4 00
3 30 4 35 4 46 5 20
4 30 5 25 5 35 6 05
*5 00 *5 54 *6 05 *6 38
5 30 6 25 6 36 7 05
*6 15 *7 13 *7 25
6 30 7 35 7 45 8 20
8 00 9 04 9 15
11 35 12 29 12 38 +1 03
* Daily except Sunday. tSaturday only.
I Sunday only.
Toward San Francihco.
SAN BED- PALO SAN PACIFIC
FRAN. WOOD ALTO JOSE GROVE
6 36a 5 13a 5 00a 4 30a
*6 46 *5 43 *5 30
*7 55 *6 46 *6 35 *6 05
8 36 7 38 7 27 7 00
*9 00 *8 07 *7 54 *7 21
9 50 8 51 8 40 8 10
10 15 8 58 8 45
10 35 9 40 9 31 9 05
12 15 11 18 11 08 10 45 7 55
1 20p 12 08p 11 52 11 20
4 30 3 35 3 26p 3 OOp *11 45a
5 40 4 31 4 21 3 50
6 30 5 09 4 55 4 20
7 40 6 34 6 22 5 50
J9 45 *8 26 $8 15 i7 45
*9 15 *8 01 *7 50 t" 15
From San Francihco.
6 10a 7 27a 7 40a 8 15a
7 00 7 53 8 04 8 30 11 4oa
9 00 10 04 10 16 10 50
10 30 11 35 11 45 12 20p
11 30 12 34p 12 46p 1 20p
2 15p 3 14 3 27 4 00
3 30 4 35 4 46 5 20
4 30 5 25 5 35 6 05
*5 00 *5 54 *6 05 *6 38
5 30 6 25 6 36 7 05
*6 15 *7 13 *7 25
6 30 7 35 7 45 8 20
8 00 9 04 9 15
11 35 12 29 12 38 +1 03
* Daily except Sunday. tSaturday only.
I Sunday only.
Toward San Francihco.
SAN BED- PALO SAN PACIFIC
FRAN. WOOD ALTO JOSE GROVE
6 36a 5 13a 5 00a 4 30a
*6 46 *5 43 *5 30
*7 55 *6 46 *6 35 *6 05
8 36 7 38 7 27 7 00
*9 00 *8 07 *7 54 *7 21
9 50 8 51 8 40 8 10
10 15 8 58 8 45
10 35 9 40 9 31 9 05
12 15 11 18 11 08 10 45 7 55
1 20p 12 08p 11 52 11 20
4 30 3 35 3 26p 3 OOp *11 45a
5 40 4 31 4 21 3 50
6 30 5 09 4 55 4 20
7 40 6 34 6 22 5 50
J9 45 *8 26 $8 15 i7 45
*9 15 *8 01 *7 50 t" 15
From San Francihco.
6 10a 7 27a 7 40a 8 15a
7 00 7 53 8 04 8 30 11 4oa
9 00 10 04 10 16 10 50
10 30 11 35 11 45 12 20p
11 30 12 34p 12 46p 1 20p
2 15p 3 14 3 27 4 00
3 30 4 35 4 46 5 20
4 30 5 25 5 35 6 05
*5 00 *5 54 *6 05 *6 38
5 30 6 25 6 36 7 05
*6 15 *7 13 *7 25
6 30 7 35 7 45 8 20
8 00 9 04 9 15
11 35 12 29 12 38 +1 03
* Daily except Sunday. tSaturday only.
I Sunday only.
Toward San Francihco.
SAN BED- PALO SAN PACIFIC
FRAN. WOOD ALTO JOSE GROVE
6 36a 5 13a 5 00a 4 30a
*6 46 *5 43 *5 30
*7 55 *6 46 *6 35 *6 05
8 36 7 38 7 27 7 00
*9 00 *8 07 *7 54 *7 21
9 50 8 51 8 40 8 10
10 15 8 58 8 45
10 35 9 40 9 31 9 05
12 15 11 18 11 08 10 45 7 55
1 20p 12 08p 11 52 11 20
4 30 3 35 3 26p 3 OOp *11 45a
5 40 4 31 4 21 3 50
6 30 5 09 4 55 4 20
7 40 6 34 6 22 5 50
J9 45 *8 26 $8 15 i7 45
*9 15 *8 01 *7 50 t" 15
From San Francihco.
6 10a 7 27a 7 40a 8 15a
7 00 7 53 8 04 8 30 11 4oa
9 00 10 04 10 16 10 50
10 30 11 35 11 45 12 20p
11 30 12 34p 12 46p 1 20p
2 15p 3 14 3 27 4 00
3 30 4 35 4 46 5 20
4 30 5 25 5 35 6 05
*5 00 *5 54 *6 05 *6 38
5 30 6 25 6 36 7 05
*6 15 *7 13 *7 25
6 30 7 35 7 45 8 20
8 00 9 04 9 15
11 35 12 29 12 38 +1 03
* Daily except Sunday. tSaturday only.
I Sunday only.
Toward San Francihco.
SAN BED- PALO SAN PACIFIC
FRAN. WOOD ALTO JOSE GROVE
6 36a 5 13a 5 00a 4 30a
*6 46 *5 43 *5 30
*7 55 *6 46 *6 35 *6 05
8 36 7 38 7 27 7 00
*9 00 *8 07 *7 54 *7 21
9 50 8 51 8 40 8 10
10 15 8 58 8 45
10 35 9 40 9 31 9 05
12 15 11 18 11 08 10 45 7 55
1 20p 12 08p 11 52 11 20
4 30 3 35 3 26p 3 OOp *11 45a
5 40 4 31 4 21 3 50
6 30 5 09 4 55 4 20
7 40 6 34 6 22 5 50
J9 45 *8 26 $8 15 i7 45
*9 15 *8 01 *7 50 t" 15
From San Francihco.
6 10a 7 27a 7 40a 8 15a
7 00 7 53 8 04 8 30 11 4oa
9 00 10 04 10 16 10 50
10 30 11 35 11 45 12 20p
11 30 12 34p 12 46p 1 20p
2 15p 3 14 3 27 4 00
3 30 4 35 4 46 5 20
4 30 5 25 5 35 6 05
*5 00 *5 54 *6 05 *6 38
5 30 6 25 6 36 7 05
*6 15 *7 13 *7 25
6 30 7 35 7 45 8 20
8 00 9 04 9 15
11 35 12 29 12 38 +1 03
* Daily except Sunday. tSaturday only.
I Sunday only.
Toward San Francihco.
SAN BED- PALO SAN PACIFIC
FRAN. WOOD ALTO JOSE GROVE
6 36a 5 13a 5 00a 4 30a
*6 46 *5 43 *5 30
*7 55 *6 46 *6 35 *6 05
8 36 7 38 7 27 7 00
*9 00 *8 07 *7 54 *7 21
9 50 8 51 8 40 8 10
10 15 8 58 8 45
10 35 9 40 9 31 9 05
12 15 11 18 11 08 10 45 7 55
1 20p 12 08p 11 52 11 20
4 30 3 35 3 26p 3 OOp *11 45a
5 40 4 31 4 21 3 50
6 30 5 09 4 55 4 20
7 40 6 34 6 22 5 50
J9 45 *8 26 $8 15 i7 45
*9 15 *8 01 *7 50 t" 15
From San Francihco.
6 10a 7 27a 7 40a 8 15a
7 00 7 53 8 04 8 30 11 4oa
9 00 10 04 10 16 10 50
10 30 11 35 11 45 12 20p
11 30 12 34p 12 46p 1 20p
2 15p 3 14 3 27 4 00
3 30 4 35 4 46 5 20
4 30 5 25 5 35 6 05
*5 00 *5 54 *6 05 *6 38
5 30 6 25 6 36 7 05
*6 15 *7 13 *7 25
6 30 7 35 7 45 8 20
8 00 9 04 9 15
11 35 12 29 12 38 +1 03
* Daily except Sunday. tSaturday only.
I Sunday only.
Toward San Francihco.
SAN BED- PALO SAN PACIFIC
FRAN. WOOD ALTO JOSE GROVE
6 36a 5 13a 5 00a 4 30a
*6 46 *5 43 *5 30
*7 55 *6 46 *6 35 *6 05
8 36 7 38 7 27 7 00
*9 00 *8 07 *7 54 *7 21
9 50 8 51 8 40 8 10
10 15 8 58 8 45
10 35 9 40 9 31 9 05
12 15 11 18 11 08 10 45 7 55
1 20p 12 08p 11 52 11 20
4 30 3 35 3 26p 3 OOp *11 45a
5 40 4 31 4 21 3 50
6 30 5 09 4 55 4 20
7 40 6 34 6 22 5 50
J9 45 *8 26 $8 15 i7 45
*9 15 *8 01 *7 50 t" 15
From San Francihco.
6 10a 7 27a 7 40a 8 15a
7 00 7 53 8 04 8 30 11 4oa
9 00 10 04 10 16 10 50
10 30 11 35 11 45 12 20p
11 30 12 34p 12 46p 1 20p
2 15p 3 14 3 27 4 00
3 30 4 35 4 46 5 20
4 30 5 25 5 35 6 05
*5 00 *5 54 *6 05 *6 38
5 30 6 25 6 36 7 05
*6 15 *7 13 *7 25
6 30 7 35 7 45 8 20
8 00 9 04 9 15
11 35 12 29 12 38 +1 03
* Daily except Sunday. tSaturday only.
I Sunday only.
