# Big Game Scores
## 
### 
! 112
CAL STN.
i:,92 10 14 i
1892 .. 10 10 1
1893 « « !
189-1 0 (i !
1895 (i G
I89<; 0 20
1897 0 28 !
1898 22 0 J
1899 30 0 I
15100 0 5
1901 2 0
1902 16 0 |
190:i (i (i !
1901 0 18 !
1905 5 y i
1919 14 10
11,20 38 0 |
1921 42 7 !
1922 28 0
1923 9 0 S
1924 20 20
1925 .. 14 27
i!;:><> <; 41 i
1927 (i 13
1928 • 13 13
1929 0 21 |
19.;0 0 41
1931 « 0
1522 <1 0
1933 3 7 j
1934 7 9
1935 0 13
1930 20 0
1937 13 0
1938 (i 0
1939 32 14
1940 7 13
1941 10
1842 7 20 !
1943-44-45 No Gums \
i94« <; 25 ;
1947 21 18
1948 7 0 1
1949 33 14
1950 7 7
1951 20 7
1952 20 0
645 586
