# BASIC ACADEMIC AND BACKGROUND CHARACTERISTICS OF 1974-75 FRESHMAN APPLICANT POOL
## 
### 
Applicant Offered
Pool Admission Admit/Apply Enroll/Admit
% % Enrolling N's % %
TOTAL 8025 2478 1558 30.9 62.9
SEX
Female 37.9 37.6 39.7 3045 932 618 30.6 66.3
Male 62.1 62.4 60.3 4980 1546 940 31.0 60.8
ETHNIC ORIGIN
American Indian .3 .5 .6 26 12 10 46.2 83.3
Black 4.9 6.0 4.8 395 148 75 37.5 50.7
Mexican American 3.3 5.2 6.3 265 130 98 r 49.1 75.4
[Total "Minority"] [B.s] [11.7] [11.7] [6B6] [29o] [lB3] [42.3] [63.1]
Caucasian 76.7 77.6 77.2 6157 1924 1203 31.2 62.5
Chinese x 3.5 3.6 4.1 279 90 64 32.3 71.1
Japanese 2.8 2.9 2.8 224 71 44 31.7 62.0
Latin American 1.1 .6 .6 87 15 9 17.2 60.0
[Total "Non-Minority"] [84.1] [84.7] [84.7] [6747][2100][1320] [31.1] [62.9]
Foreign or Unidentified 7.4 3.6 3.5 592 88 55 14.9 62.5
ACADEMIC RATING
1 (High) 3.4 10.1 6.5 272 251 101 92.3 40.2
2 11.1 25.8 22.6 890 640 353 71.9 55.2
3 16.9 27.3 27.8 1353 677 433 50.0 63.9
4 23.3 21.8 25.2 1868 539 392 28.9 72.7
5 (Low) 45.3 15.0 17.9 3640 371 279 10.2 75.2
NON-ACADEMIC RATING
1 (High) .5 1.3 1.2 37 31 18 83.8 58.1
2 6.4 12.6 11.8 516 312 184 60.5 59.0
3 32.4 43.3 46.1 2603 1'074 719 41.3 67.0
4 49.3 33.5 ' 37.0 3960 955 576 24.1 60.3
5 (Low) 11 3 4 3 3.9 906 106 61 11.7 57.5
Applicant Offered
Pool Admission Admit/Apply Enroll/Admit
% % Enrolling N's % %
TOTAL 8025 2478 1558 30.9 62.9
SEX
Female 37.9 37.6 39.7 3045 932 618 30.6 66.3
Male 62.1 62.4 60.3 4980 1546 940 31.0 60.8
ETHNIC ORIGIN
American Indian .3 .5 .6 26 12 10 46.2 83.3
Black 4.9 6.0 4.8 395 148 75 37.5 50.7
Mexican American 3.3 5.2 6.3 265 130 98 r 49.1 75.4
[Total "Minority"] [B.s] [11.7] [11.7] [6B6] [29o] [lB3] [42.3] [63.1]
Caucasian 76.7 77.6 77.2 6157 1924 1203 31.2 62.5
Chinese x 3.5 3.6 4.1 279 90 64 32.3 71.1
Japanese 2.8 2.9 2.8 224 71 44 31.7 62.0
Latin American 1.1 .6 .6 87 15 9 17.2 60.0
[Total "Non-Minority"] [84.1] [84.7] [84.7] [6747][2100][1320] [31.1] [62.9]
Foreign or Unidentified 7.4 3.6 3.5 592 88 55 14.9 62.5
ACADEMIC RATING
1 (High) 3.4 10.1 6.5 272 251 101 92.3 40.2
2 11.1 25.8 22.6 890 640 353 71.9 55.2
3 16.9 27.3 27.8 1353 677 433 50.0 63.9
4 23.3 21.8 25.2 1868 539 392 28.9 72.7
5 (Low) 45.3 15.0 17.9 3640 371 279 10.2 75.2
NON-ACADEMIC RATING
1 (High) .5 1.3 1.2 37 31 18 83.8 58.1
2 6.4 12.6 11.8 516 312 184 60.5 59.0
3 32.4 43.3 46.1 2603 1'074 719 41.3 67.0
4 49.3 33.5 ' 37.0 3960 955 576 24.1 60.3
5 (Low) 11 3 4 3 3.9 906 106 61 11.7 57.5
Applicant Offered
Pool Admission Admit/Apply Enroll/Admit
% % Enrolling N's % %
TOTAL 8025 2478 1558 30.9 62.9
SEX
Female 37.9 37.6 39.7 3045 932 618 30.6 66.3
Male 62.1 62.4 60.3 4980 1546 940 31.0 60.8
ETHNIC ORIGIN
American Indian .3 .5 .6 26 12 10 46.2 83.3
Black 4.9 6.0 4.8 395 148 75 37.5 50.7
Mexican American 3.3 5.2 6.3 265 130 98 r 49.1 75.4
[Total "Minority"] [B.s] [11.7] [11.7] [6B6] [29o] [lB3] [42.3] [63.1]
Caucasian 76.7 77.6 77.2 6157 1924 1203 31.2 62.5
Chinese x 3.5 3.6 4.1 279 90 64 32.3 71.1
Japanese 2.8 2.9 2.8 224 71 44 31.7 62.0
Latin American 1.1 .6 .6 87 15 9 17.2 60.0
[Total "Non-Minority"] [84.1] [84.7] [84.7] [6747][2100][1320] [31.1] [62.9]
Foreign or Unidentified 7.4 3.6 3.5 592 88 55 14.9 62.5
ACADEMIC RATING
1 (High) 3.4 10.1 6.5 272 251 101 92.3 40.2
2 11.1 25.8 22.6 890 640 353 71.9 55.2
3 16.9 27.3 27.8 1353 677 433 50.0 63.9
4 23.3 21.8 25.2 1868 539 392 28.9 72.7
5 (Low) 45.3 15.0 17.9 3640 371 279 10.2 75.2
NON-ACADEMIC RATING
1 (High) .5 1.3 1.2 37 31 18 83.8 58.1
2 6.4 12.6 11.8 516 312 184 60.5 59.0
3 32.4 43.3 46.1 2603 1'074 719 41.3 67.0
4 49.3 33.5 ' 37.0 3960 955 576 24.1 60.3
5 (Low) 11 3 4 3 3.9 906 106 61 11.7 57.5
Applicant Offered
Pool Admission Admit/Apply Enroll/Admit
% % Enrolling N's % %
TOTAL 8025 2478 1558 30.9 62.9
SEX
Female 37.9 37.6 39.7 3045 932 618 30.6 66.3
Male 62.1 62.4 60.3 4980 1546 940 31.0 60.8
ETHNIC ORIGIN
American Indian .3 .5 .6 26 12 10 46.2 83.3
Black 4.9 6.0 4.8 395 148 75 37.5 50.7
Mexican American 3.3 5.2 6.3 265 130 98 r 49.1 75.4
[Total "Minority"] [B.s] [11.7] [11.7] [6B6] [29o] [lB3] [42.3] [63.1]
Caucasian 76.7 77.6 77.2 6157 1924 1203 31.2 62.5
Chinese x 3.5 3.6 4.1 279 90 64 32.3 71.1
Japanese 2.8 2.9 2.8 224 71 44 31.7 62.0
Latin American 1.1 .6 .6 87 15 9 17.2 60.0
[Total "Non-Minority"] [84.1] [84.7] [84.7] [6747][2100][1320] [31.1] [62.9]
Foreign or Unidentified 7.4 3.6 3.5 592 88 55 14.9 62.5
ACADEMIC RATING
1 (High) 3.4 10.1 6.5 272 251 101 92.3 40.2
2 11.1 25.8 22.6 890 640 353 71.9 55.2
3 16.9 27.3 27.8 1353 677 433 50.0 63.9
4 23.3 21.8 25.2 1868 539 392 28.9 72.7
5 (Low) 45.3 15.0 17.9 3640 371 279 10.2 75.2
NON-ACADEMIC RATING
1 (High) .5 1.3 1.2 37 31 18 83.8 58.1
2 6.4 12.6 11.8 516 312 184 60.5 59.0
3 32.4 43.3 46.1 2603 1'074 719 41.3 67.0
4 49.3 33.5 ' 37.0 3960 955 576 24.1 60.3
5 (Low) 11 3 4 3 3.9 906 106 61 11.7 57.5
Applicant Offered
Pool Admission Admit/Apply Enroll/Admit
% % Enrolling N's % %
TOTAL 8025 2478 1558 30.9 62.9
SEX
Female 37.9 37.6 39.7 3045 932 618 30.6 66.3
Male 62.1 62.4 60.3 4980 1546 940 31.0 60.8
ETHNIC ORIGIN
American Indian .3 .5 .6 26 12 10 46.2 83.3
Black 4.9 6.0 4.8 395 148 75 37.5 50.7
Mexican American 3.3 5.2 6.3 265 130 98 r 49.1 75.4
[Total "Minority"] [B.s] [11.7] [11.7] [6B6] [29o] [lB3] [42.3] [63.1]
Caucasian 76.7 77.6 77.2 6157 1924 1203 31.2 62.5
Chinese x 3.5 3.6 4.1 279 90 64 32.3 71.1
Japanese 2.8 2.9 2.8 224 71 44 31.7 62.0
Latin American 1.1 .6 .6 87 15 9 17.2 60.0
[Total "Non-Minority"] [84.1] [84.7] [84.7] [6747][2100][1320] [31.1] [62.9]
Foreign or Unidentified 7.4 3.6 3.5 592 88 55 14.9 62.5
ACADEMIC RATING
1 (High) 3.4 10.1 6.5 272 251 101 92.3 40.2
2 11.1 25.8 22.6 890 640 353 71.9 55.2
3 16.9 27.3 27.8 1353 677 433 50.0 63.9
4 23.3 21.8 25.2 1868 539 392 28.9 72.7
5 (Low) 45.3 15.0 17.9 3640 371 279 10.2 75.2
NON-ACADEMIC RATING
1 (High) .5 1.3 1.2 37 31 18 83.8 58.1
2 6.4 12.6 11.8 516 312 184 60.5 59.0
3 32.4 43.3 46.1 2603 1'074 719 41.3 67.0
4 49.3 33.5 ' 37.0 3960 955 576 24.1 60.3
5 (Low) 11 3 4 3 3.9 906 106 61 11.7 57.5
Applicant Offered
Pool Admission Admit/Apply Enroll/Admit
% % Enrolling N's % %
TOTAL 8025 2478 1558 30.9 62.9
SEX
Female 37.9 37.6 39.7 3045 932 618 30.6 66.3
Male 62.1 62.4 60.3 4980 1546 940 31.0 60.8
ETHNIC ORIGIN
American Indian .3 .5 .6 26 12 10 46.2 83.3
Black 4.9 6.0 4.8 395 148 75 37.5 50.7
Mexican American 3.3 5.2 6.3 265 130 98 r 49.1 75.4
[Total "Minority"] [B.s] [11.7] [11.7] [6B6] [29o] [lB3] [42.3] [63.1]
Caucasian 76.7 77.6 77.2 6157 1924 1203 31.2 62.5
Chinese x 3.5 3.6 4.1 279 90 64 32.3 71.1
Japanese 2.8 2.9 2.8 224 71 44 31.7 62.0
Latin American 1.1 .6 .6 87 15 9 17.2 60.0
[Total "Non-Minority"] [84.1] [84.7] [84.7] [6747][2100][1320] [31.1] [62.9]
Foreign or Unidentified 7.4 3.6 3.5 592 88 55 14.9 62.5
ACADEMIC RATING
1 (High) 3.4 10.1 6.5 272 251 101 92.3 40.2
2 11.1 25.8 22.6 890 640 353 71.9 55.2
3 16.9 27.3 27.8 1353 677 433 50.0 63.9
4 23.3 21.8 25.2 1868 539 392 28.9 72.7
5 (Low) 45.3 15.0 17.9 3640 371 279 10.2 75.2
NON-ACADEMIC RATING
1 (High) .5 1.3 1.2 37 31 18 83.8 58.1
2 6.4 12.6 11.8 516 312 184 60.5 59.0
3 32.4 43.3 46.1 2603 1'074 719 41.3 67.0
4 49.3 33.5 ' 37.0 3960 955 576 24.1 60.3
5 (Low) 11 3 4 3 3.9 906 106 61 11.7 57.5
Applicant Offered
Pool Admission Admit/Apply Enroll/Admit
% % Enrolling N's % %
TOTAL 8025 2478 1558 30.9 62.9
SEX
Female 37.9 37.6 39.7 3045 932 618 30.6 66.3
Male 62.1 62.4 60.3 4980 1546 940 31.0 60.8
ETHNIC ORIGIN
American Indian .3 .5 .6 26 12 10 46.2 83.3
Black 4.9 6.0 4.8 395 148 75 37.5 50.7
Mexican American 3.3 5.2 6.3 265 130 98 r 49.1 75.4
[Total "Minority"] [B.s] [11.7] [11.7] [6B6] [29o] [lB3] [42.3] [63.1]
Caucasian 76.7 77.6 77.2 6157 1924 1203 31.2 62.5
Chinese x 3.5 3.6 4.1 279 90 64 32.3 71.1
Japanese 2.8 2.9 2.8 224 71 44 31.7 62.0
Latin American 1.1 .6 .6 87 15 9 17.2 60.0
[Total "Non-Minority"] [84.1] [84.7] [84.7] [6747][2100][1320] [31.1] [62.9]
Foreign or Unidentified 7.4 3.6 3.5 592 88 55 14.9 62.5
ACADEMIC RATING
1 (High) 3.4 10.1 6.5 272 251 101 92.3 40.2
2 11.1 25.8 22.6 890 640 353 71.9 55.2
3 16.9 27.3 27.8 1353 677 433 50.0 63.9
4 23.3 21.8 25.2 1868 539 392 28.9 72.7
5 (Low) 45.3 15.0 17.9 3640 371 279 10.2 75.2
NON-ACADEMIC RATING
1 (High) .5 1.3 1.2 37 31 18 83.8 58.1
2 6.4 12.6 11.8 516 312 184 60.5 59.0
3 32.4 43.3 46.1 2603 1'074 719 41.3 67.0
4 49.3 33.5 ' 37.0 3960 955 576 24.1 60.3
5 (Low) 11 3 4 3 3.9 906 106 61 11.7 57.5
Applicant Offered
Pool Admission Admit/Apply Enroll/Admit
% % Enrolling N's % %
TOTAL 8025 2478 1558 30.9 62.9
SEX
Female 37.9 37.6 39.7 3045 932 618 30.6 66.3
Male 62.1 62.4 60.3 4980 1546 940 31.0 60.8
ETHNIC ORIGIN
American Indian .3 .5 .6 26 12 10 46.2 83.3
Black 4.9 6.0 4.8 395 148 75 37.5 50.7
Mexican American 3.3 5.2 6.3 265 130 98 r 49.1 75.4
[Total "Minority"] [B.s] [11.7] [11.7] [6B6] [29o] [lB3] [42.3] [63.1]
Caucasian 76.7 77.6 77.2 6157 1924 1203 31.2 62.5
Chinese x 3.5 3.6 4.1 279 90 64 32.3 71.1
Japanese 2.8 2.9 2.8 224 71 44 31.7 62.0
Latin American 1.1 .6 .6 87 15 9 17.2 60.0
[Total "Non-Minority"] [84.1] [84.7] [84.7] [6747][2100][1320] [31.1] [62.9]
Foreign or Unidentified 7.4 3.6 3.5 592 88 55 14.9 62.5
ACADEMIC RATING
1 (High) 3.4 10.1 6.5 272 251 101 92.3 40.2
2 11.1 25.8 22.6 890 640 353 71.9 55.2
3 16.9 27.3 27.8 1353 677 433 50.0 63.9
4 23.3 21.8 25.2 1868 539 392 28.9 72.7
5 (Low) 45.3 15.0 17.9 3640 371 279 10.2 75.2
NON-ACADEMIC RATING
1 (High) .5 1.3 1.2 37 31 18 83.8 58.1
2 6.4 12.6 11.8 516 312 184 60.5 59.0
3 32.4 43.3 46.1 2603 1'074 719 41.3 67.0
4 49.3 33.5 ' 37.0 3960 955 576 24.1 60.3
5 (Low) 11 3 4 3 3.9 906 106 61 11.7 57.5
Applicant Offered
Pool Admission Admit/Apply Enroll/Admit
% % Enrolling N's % %
TOTAL 8025 2478 1558 30.9 62.9
SEX
Female 37.9 37.6 39.7 3045 932 618 30.6 66.3
Male 62.1 62.4 60.3 4980 1546 940 31.0 60.8
ETHNIC ORIGIN
American Indian .3 .5 .6 26 12 10 46.2 83.3
Black 4.9 6.0 4.8 395 148 75 37.5 50.7
Mexican American 3.3 5.2 6.3 265 130 98 r 49.1 75.4
[Total "Minority"] [B.s] [11.7] [11.7] [6B6] [29o] [lB3] [42.3] [63.1]
Caucasian 76.7 77.6 77.2 6157 1924 1203 31.2 62.5
Chinese x 3.5 3.6 4.1 279 90 64 32.3 71.1
Japanese 2.8 2.9 2.8 224 71 44 31.7 62.0
Latin American 1.1 .6 .6 87 15 9 17.2 60.0
[Total "Non-Minority"] [84.1] [84.7] [84.7] [6747][2100][1320] [31.1] [62.9]
Foreign or Unidentified 7.4 3.6 3.5 592 88 55 14.9 62.5
ACADEMIC RATING
1 (High) 3.4 10.1 6.5 272 251 101 92.3 40.2
2 11.1 25.8 22.6 890 640 353 71.9 55.2
3 16.9 27.3 27.8 1353 677 433 50.0 63.9
4 23.3 21.8 25.2 1868 539 392 28.9 72.7
5 (Low) 45.3 15.0 17.9 3640 371 279 10.2 75.2
NON-ACADEMIC RATING
1 (High) .5 1.3 1.2 37 31 18 83.8 58.1
2 6.4 12.6 11.8 516 312 184 60.5 59.0
3 32.4 43.3 46.1 2603 1'074 719 41.3 67.0
4 49.3 33.5 ' 37.0 3960 955 576 24.1 60.3
5 (Low) 11 3 4 3 3.9 906 106 61 11.7 57.5
Applicant Offered
Pool Admission Admit/Apply Enroll/Admit
% % Enrolling N's % %
TOTAL 8025 2478 1558 30.9 62.9
SEX
Female 37.9 37.6 39.7 3045 932 618 30.6 66.3
Male 62.1 62.4 60.3 4980 1546 940 31.0 60.8
ETHNIC ORIGIN
American Indian .3 .5 .6 26 12 10 46.2 83.3
Black 4.9 6.0 4.8 395 148 75 37.5 50.7
Mexican American 3.3 5.2 6.3 265 130 98 r 49.1 75.4
[Total "Minority"] [B.s] [11.7] [11.7] [6B6] [29o] [lB3] [42.3] [63.1]
Caucasian 76.7 77.6 77.2 6157 1924 1203 31.2 62.5
Chinese x 3.5 3.6 4.1 279 90 64 32.3 71.1
Japanese 2.8 2.9 2.8 224 71 44 31.7 62.0
Latin American 1.1 .6 .6 87 15 9 17.2 60.0
[Total "Non-Minority"] [84.1] [84.7] [84.7] [6747][2100][1320] [31.1] [62.9]
Foreign or Unidentified 7.4 3.6 3.5 592 88 55 14.9 62.5
ACADEMIC RATING
1 (High) 3.4 10.1 6.5 272 251 101 92.3 40.2
2 11.1 25.8 22.6 890 640 353 71.9 55.2
3 16.9 27.3 27.8 1353 677 433 50.0 63.9
4 23.3 21.8 25.2 1868 539 392 28.9 72.7
5 (Low) 45.3 15.0 17.9 3640 371 279 10.2 75.2
NON-ACADEMIC RATING
1 (High) .5 1.3 1.2 37 31 18 83.8 58.1
2 6.4 12.6 11.8 516 312 184 60.5 59.0
3 32.4 43.3 46.1 2603 1'074 719 41.3 67.0
4 49.3 33.5 ' 37.0 3960 955 576 24.1 60.3
5 (Low) 11 3 4 3 3.9 906 106 61 11.7 57.5
Applicant Offered
Pool Admission Admit/Apply Enroll/Admit
% % Enrolling N's % %
TOTAL 8025 2478 1558 30.9 62.9
SEX
Female 37.9 37.6 39.7 3045 932 618 30.6 66.3
Male 62.1 62.4 60.3 4980 1546 940 31.0 60.8
ETHNIC ORIGIN
American Indian .3 .5 .6 26 12 10 46.2 83.3
Black 4.9 6.0 4.8 395 148 75 37.5 50.7
Mexican American 3.3 5.2 6.3 265 130 98 r 49.1 75.4
[Total "Minority"] [B.s] [11.7] [11.7] [6B6] [29o] [lB3] [42.3] [63.1]
Caucasian 76.7 77.6 77.2 6157 1924 1203 31.2 62.5
Chinese x 3.5 3.6 4.1 279 90 64 32.3 71.1
Japanese 2.8 2.9 2.8 224 71 44 31.7 62.0
Latin American 1.1 .6 .6 87 15 9 17.2 60.0
[Total "Non-Minority"] [84.1] [84.7] [84.7] [6747][2100][1320] [31.1] [62.9]
Foreign or Unidentified 7.4 3.6 3.5 592 88 55 14.9 62.5
ACADEMIC RATING
1 (High) 3.4 10.1 6.5 272 251 101 92.3 40.2
2 11.1 25.8 22.6 890 640 353 71.9 55.2
3 16.9 27.3 27.8 1353 677 433 50.0 63.9
4 23.3 21.8 25.2 1868 539 392 28.9 72.7
5 (Low) 45.3 15.0 17.9 3640 371 279 10.2 75.2
NON-ACADEMIC RATING
1 (High) .5 1.3 1.2 37 31 18 83.8 58.1
2 6.4 12.6 11.8 516 312 184 60.5 59.0
3 32.4 43.3 46.1 2603 1'074 719 41.3 67.0
4 49.3 33.5 ' 37.0 3960 955 576 24.1 60.3
5 (Low) 11 3 4 3 3.9 906 106 61 11.7 57.5
Applicant Offered
Pool Admission Admit/Apply Enroll/Admit
% % Enrolling N's % %
TOTAL 8025 2478 1558 30.9 62.9
SEX
Female 37.9 37.6 39.7 3045 932 618 30.6 66.3
Male 62.1 62.4 60.3 4980 1546 940 31.0 60.8
ETHNIC ORIGIN
American Indian .3 .5 .6 26 12 10 46.2 83.3
Black 4.9 6.0 4.8 395 148 75 37.5 50.7
Mexican American 3.3 5.2 6.3 265 130 98 r 49.1 75.4
[Total "Minority"] [B.s] [11.7] [11.7] [6B6] [29o] [lB3] [42.3] [63.1]
Caucasian 76.7 77.6 77.2 6157 1924 1203 31.2 62.5
Chinese x 3.5 3.6 4.1 279 90 64 32.3 71.1
Japanese 2.8 2.9 2.8 224 71 44 31.7 62.0
Latin American 1.1 .6 .6 87 15 9 17.2 60.0
[Total "Non-Minority"] [84.1] [84.7] [84.7] [6747][2100][1320] [31.1] [62.9]
Foreign or Unidentified 7.4 3.6 3.5 592 88 55 14.9 62.5
ACADEMIC RATING
1 (High) 3.4 10.1 6.5 272 251 101 92.3 40.2
2 11.1 25.8 22.6 890 640 353 71.9 55.2
3 16.9 27.3 27.8 1353 677 433 50.0 63.9
4 23.3 21.8 25.2 1868 539 392 28.9 72.7
5 (Low) 45.3 15.0 17.9 3640 371 279 10.2 75.2
NON-ACADEMIC RATING
1 (High) .5 1.3 1.2 37 31 18 83.8 58.1
2 6.4 12.6 11.8 516 312 184 60.5 59.0
3 32.4 43.3 46.1 2603 1'074 719 41.3 67.0
4 49.3 33.5 ' 37.0 3960 955 576 24.1 60.3
5 (Low) 11 3 4 3 3.9 906 106 61 11.7 57.5
Applicant Offered
Pool Admission Admit/Apply Enroll/Admit
% % Enrolling N's % %
TOTAL 8025 2478 1558 30.9 62.9
SEX
Female 37.9 37.6 39.7 3045 932 618 30.6 66.3
Male 62.1 62.4 60.3 4980 1546 940 31.0 60.8
ETHNIC ORIGIN
American Indian .3 .5 .6 26 12 10 46.2 83.3
Black 4.9 6.0 4.8 395 148 75 37.5 50.7
Mexican American 3.3 5.2 6.3 265 130 98 r 49.1 75.4
[Total "Minority"] [B.s] [11.7] [11.7] [6B6] [29o] [lB3] [42.3] [63.1]
Caucasian 76.7 77.6 77.2 6157 1924 1203 31.2 62.5
Chinese x 3.5 3.6 4.1 279 90 64 32.3 71.1
Japanese 2.8 2.9 2.8 224 71 44 31.7 62.0
Latin American 1.1 .6 .6 87 15 9 17.2 60.0
[Total "Non-Minority"] [84.1] [84.7] [84.7] [6747][2100][1320] [31.1] [62.9]
Foreign or Unidentified 7.4 3.6 3.5 592 88 55 14.9 62.5
ACADEMIC RATING
1 (High) 3.4 10.1 6.5 272 251 101 92.3 40.2
2 11.1 25.8 22.6 890 640 353 71.9 55.2
3 16.9 27.3 27.8 1353 677 433 50.0 63.9
4 23.3 21.8 25.2 1868 539 392 28.9 72.7
5 (Low) 45.3 15.0 17.9 3640 371 279 10.2 75.2
NON-ACADEMIC RATING
1 (High) .5 1.3 1.2 37 31 18 83.8 58.1
2 6.4 12.6 11.8 516 312 184 60.5 59.0
3 32.4 43.3 46.1 2603 1'074 719 41.3 67.0
4 49.3 33.5 ' 37.0 3960 955 576 24.1 60.3
5 (Low) 11 3 4 3 3.9 906 106 61 11.7 57.5
Applicant Offered
Pool Admission Admit/Apply Enroll/Admit
% % Enrolling N's % %
TOTAL 8025 2478 1558 30.9 62.9
SEX
Female 37.9 37.6 39.7 3045 932 618 30.6 66.3
Male 62.1 62.4 60.3 4980 1546 940 31.0 60.8
ETHNIC ORIGIN
American Indian .3 .5 .6 26 12 10 46.2 83.3
Black 4.9 6.0 4.8 395 148 75 37.5 50.7
Mexican American 3.3 5.2 6.3 265 130 98 r 49.1 75.4
[Total "Minority"] [B.s] [11.7] [11.7] [6B6] [29o] [lB3] [42.3] [63.1]
Caucasian 76.7 77.6 77.2 6157 1924 1203 31.2 62.5
Chinese x 3.5 3.6 4.1 279 90 64 32.3 71.1
Japanese 2.8 2.9 2.8 224 71 44 31.7 62.0
Latin American 1.1 .6 .6 87 15 9 17.2 60.0
[Total "Non-Minority"] [84.1] [84.7] [84.7] [6747][2100][1320] [31.1] [62.9]
Foreign or Unidentified 7.4 3.6 3.5 592 88 55 14.9 62.5
ACADEMIC RATING
1 (High) 3.4 10.1 6.5 272 251 101 92.3 40.2
2 11.1 25.8 22.6 890 640 353 71.9 55.2
3 16.9 27.3 27.8 1353 677 433 50.0 63.9
4 23.3 21.8 25.2 1868 539 392 28.9 72.7
5 (Low) 45.3 15.0 17.9 3640 371 279 10.2 75.2
NON-ACADEMIC RATING
1 (High) .5 1.3 1.2 37 31 18 83.8 58.1
2 6.4 12.6 11.8 516 312 184 60.5 59.0
3 32.4 43.3 46.1 2603 1'074 719 41.3 67.0
4 49.3 33.5 ' 37.0 3960 955 576 24.1 60.3
5 (Low) 11 3 4 3 3.9 906 106 61 11.7 57.5
Applicant Offered
Pool Admission Admit/Apply Enroll/Admit
% % Enrolling N's % %
TOTAL 8025 2478 1558 30.9 62.9
SEX
Female 37.9 37.6 39.7 3045 932 618 30.6 66.3
Male 62.1 62.4 60.3 4980 1546 940 31.0 60.8
ETHNIC ORIGIN
American Indian .3 .5 .6 26 12 10 46.2 83.3
Black 4.9 6.0 4.8 395 148 75 37.5 50.7
Mexican American 3.3 5.2 6.3 265 130 98 r 49.1 75.4
[Total "Minority"] [B.s] [11.7] [11.7] [6B6] [29o] [lB3] [42.3] [63.1]
Caucasian 76.7 77.6 77.2 6157 1924 1203 31.2 62.5
Chinese x 3.5 3.6 4.1 279 90 64 32.3 71.1
Japanese 2.8 2.9 2.8 224 71 44 31.7 62.0
Latin American 1.1 .6 .6 87 15 9 17.2 60.0
[Total "Non-Minority"] [84.1] [84.7] [84.7] [6747][2100][1320] [31.1] [62.9]
Foreign or Unidentified 7.4 3.6 3.5 592 88 55 14.9 62.5
ACADEMIC RATING
1 (High) 3.4 10.1 6.5 272 251 101 92.3 40.2
2 11.1 25.8 22.6 890 640 353 71.9 55.2
3 16.9 27.3 27.8 1353 677 433 50.0 63.9
4 23.3 21.8 25.2 1868 539 392 28.9 72.7
5 (Low) 45.3 15.0 17.9 3640 371 279 10.2 75.2
NON-ACADEMIC RATING
1 (High) .5 1.3 1.2 37 31 18 83.8 58.1
2 6.4 12.6 11.8 516 312 184 60.5 59.0
3 32.4 43.3 46.1 2603 1'074 719 41.3 67.0
4 49.3 33.5 ' 37.0 3960 955 576 24.1 60.3
5 (Low) 11 3 4 3 3.9 906 106 61 11.7 57.5
