# Batting Statistics
## 
### 
Player BA G AB R H 2B 3B HR RBI BB SO SB/ATT SLG OBA
S.Turner 1.000 9 1 3 1 0 0 0 1 0 0 2/2 1.000 .500
A.J. Hinch .338 36 139 28 47 5 2 2 27 13 22 7/12 .446 .399
S.Carver .326 40 138 20 45 11 0 1 22 21 28 2/7 .000 .000
B. Dallimre .326 41 141 32 46 9 0 1 17 24 21 12/14 .411 .451
J.Hansen .286 41 161 33 46 6 6 6 36 20 26 6/10 .509 .359
J. DJardns .283 28 60 7 17 1 0 1 11 4 11 3/3 .350 .329
S. Madden.2B3 15 46 9 13 3 0 2 7 4 9 1/3 .478 .346
T. Laßocca.2B2 39 131 24 37 8 0 3 18 18 17 9/12 .412 .366
D.Allen .275 41 160 24 44 6 2 4 42 22 20 2/6 .413 .389
R.Meyer .267 26 60 11 16 4 0 1 9 8 12 3/3 .383 .361
B. V Wagn .266 39 124 25 33 11 1 3 24 15 22 5/5 .444 .361
C.Carter .266 37 109 23 29 1 1 0 6 18 15 6/8 .294 .366
N.Olmstd .259 17 54 9 14 5 0 0 5 6 10 2/2 .352 .361
J. Noriega .188 27 16 2 3 0 0 0 2 2 4 0/0 .188 .278
J. Sugermn .111 10 27 3 3 1 0 0 2 2 9 0/0 .259 .200
R.Crowe .063 15 16 4 1 0 0 0 1 4 6 1/1 .063 .391
STANFORD.2BS 41 1386 258 395 202 71 12 26 183 233 61/87 .410 .379
OTHERS .292 41 1433 244 419 209 72 13 41 110 266 31/51 .447 .345
