# Southern Pacific Time-Table.
## 
### 
Toward San Francisco.
SAN KKD- PALO SAN FACIFJC
FKAN. WOOD ALTO JOSE GHOVE
6 3t>a 5 13a 5 00a 4 30a ....
*6 40 *5 43 *5 30
*7 55 *0 46 *0 35 *6 05
8 36 7 38 7 27 7 00
*9 00 *8 07 *7 54 *7 21
9 50 8 51 8 40 8 10
10 15 8 58 8 45
10 35 9 40 9 31 9 05
12 15 11 18 11 08 10 45 755
1 20p 12 03p 11 52 11 20
430 335 3 26p 3 OOp *11 45a
5 40 4 31 4 21 3 50
6 30 5 09 4 55 4 20
7 40 6 34 6 22 5 50
t9 45 *8 26 t8 15 }7 45
*9 15 *8 01 *7 50 |7 15
From San Fhancihco.
6 10a 7 27a 7 40a 8 15a
700 753 804 830 11 45a
9 00 10 04 10 16 10 50
10 30 11 35 11 45 12 20p
11 30 12 34 p 12 46p 1 20p
2 15p 3 14 3 27 4 00
3 30 4 35 4 46 5 20
4 30 5 25 5 35 6 05
*5 00 *5 54 *6 05 *6 38
5 30 6 25 6 36 7 05
*6 15 *7 13 *7 25
6 30 7 35 7 45 8 20
8 00 9 04 9 15
11 35 12 29 12 38 +1 03
* Dally except Sunday. + Saturday only
I Sunday only.
