# 1990 National Collegiate Division I Women's BASKETBALL CHAMPIONSHIP
## 
### 
Complete 1989-90 Stanford Women's Basketball Statistics
3PT 3PT 3PT TOT AVG OFF DEF TOT AVG TOT AVG TOT AVG
PLAYER G GS FG FGA FG% FG FGA FG% FT FTA FT% PTS PTS REB REB REB REB PF D AST AST TO BLK STL MIN MIN HI
Trisha Stevens 28 28 194 354 .548 2 5 .400 81 101 802 471 16.8 66 95 161 5 8 83 2 19 0 7 45 19 19 638 22 8 35
Katy Steeling 28 28 157 328 .479 59 126 .468 52 62 .839 425 15.2 82 104 186 6.6 55 2 75 2.7 51 13 54 792 28.3 27
Jennifer Azzi 27 27 138 276 .500 54 124 .436 74 90 .822 404 15.0 37 64 101 3.7 71 1 157 5.8 56 6 46 795 29.4 26
Julie ZeilStra 28 28 164 302 .543 0 2 .000 69 87 .793 397 14.2 77 97 174 6.2 51 0 63 2.3 50 14 26 743 26.5 27
Val Whiting 27 0 135 241 .560 1 3 .333 72 99 .727 343 12.7 83 117 200 7 4 84 5 36 1.3 39 51 31 627 23.2 20
Sonja Henning 28 28 80 183 .437 9 36 .250 53 72 .736 222 7.9 32 79 111 4.0 38 0 191 6.8 50 7 69 861 30.8 23
Chris MacMurdo 23 0 34 70 .486 0 0 .000 17 35 .486 85 3.7 16 37 53 _2.3 25 0 9 0.4 21 10 8 220 9.6 11
Martha Richards 26 0 30 88 .341 12 32 .375 18 23 .783 90 3.5 12 40 52 2.0 42 0 22 0.9 33 2 6 315 12.1 11 |
Stacy Parson 28 1 37 75 .493 1 4 .250 7 8 .875 82 2.9 19 13 32 1.1 29 0 42 1.5 22 1 18 340 12.1 8
Molly Goodenbour « «| 48 .479 10 22 .455 11 13 .846 67 2.8 6 11 17 0.7 31 1 26 1.1 27 3 10 203 8.6 10
Angela Taylor 21 0 5 17 .294 1 2 .500 5 9 .556 16 0.8 6 6 12 0.6 3 0 5 0.2 9 1 5 66 3.1 4
TOTALS 28 28 997 1982 .503 149 356 .419 459 599 766 2602 92.9 436 663 1203 43.0 512 11 645 23.0 403 127 292 - - 113
OPPONENTS 28 28 694 1714 .405 50 170 .294 372 563 .661 1810 64.6 355 535 998 35.6 530 18 396 14.1 562 49 173 - - 91


Complete 1989-90 Stanford Women's Basketball Statistics
3PT 3PT 3PT TOT AVG OFF DEF TOT AVG TOT AVG TOT AVG
PLAYER G GS FG FGA FG% FG FGA FG% FT FTA FT% PTS PTS REB REB REB REB PF D AST AST TO BLK STL MIN MIN HI
Trisha Stevens 28 28 194 354 .548 2 5 .400 81 101 802 471 16.8 66 95 161 5 8 83 2 19 0 7 45 19 19 638 22 8 35
Katy Steeling 28 28 157 328 .479 59 126 .468 52 62 .839 425 15.2 82 104 186 6.6 55 2 75 2.7 51 13 54 792 28.3 27
Jennifer Azzi 27 27 138 276 .500 54 124 .436 74 90 .822 404 15.0 37 64 101 3.7 71 1 157 5.8 56 6 46 795 29.4 26
Julie ZeilStra 28 28 164 302 .543 0 2 .000 69 87 .793 397 14.2 77 97 174 6.2 51 0 63 2.3 50 14 26 743 26.5 27
Val Whiting 27 0 135 241 .560 1 3 .333 72 99 .727 343 12.7 83 117 200 7 4 84 5 36 1.3 39 51 31 627 23.2 20
Sonja Henning 28 28 80 183 .437 9 36 .250 53 72 .736 222 7.9 32 79 111 4.0 38 0 191 6.8 50 7 69 861 30.8 23
Chris MacMurdo 23 0 34 70 .486 0 0 .000 17 35 .486 85 3.7 16 37 53 _2.3 25 0 9 0.4 21 10 8 220 9.6 11
Martha Richards 26 0 30 88 .341 12 32 .375 18 23 .783 90 3.5 12 40 52 2.0 42 0 22 0.9 33 2 6 315 12.1 11 |
Stacy Parson 28 1 37 75 .493 1 4 .250 7 8 .875 82 2.9 19 13 32 1.1 29 0 42 1.5 22 1 18 340 12.1 8
Molly Goodenbour « «| 48 .479 10 22 .455 11 13 .846 67 2.8 6 11 17 0.7 31 1 26 1.1 27 3 10 203 8.6 10
Angela Taylor 21 0 5 17 .294 1 2 .500 5 9 .556 16 0.8 6 6 12 0.6 3 0 5 0.2 9 1 5 66 3.1 4
TOTALS 28 28 997 1982 .503 149 356 .419 459 599 766 2602 92.9 436 663 1203 43.0 512 11 645 23.0 403 127 292 - - 113
OPPONENTS 28 28 694 1714 .405 50 170 .294 372 563 .661 1810 64.6 355 535 998 35.6 530 18 396 14.1 562 49 173 - - 91


Complete 1989-90 Stanford Women's Basketball Statistics
3PT 3PT 3PT TOT AVG OFF DEF TOT AVG TOT AVG TOT AVG
PLAYER G GS FG FGA FG% FG FGA FG% FT FTA FT% PTS PTS REB REB REB REB PF D AST AST TO BLK STL MIN MIN HI
Trisha Stevens 28 28 194 354 .548 2 5 .400 81 101 802 471 16.8 66 95 161 5 8 83 2 19 0 7 45 19 19 638 22 8 35
Katy Steeling 28 28 157 328 .479 59 126 .468 52 62 .839 425 15.2 82 104 186 6.6 55 2 75 2.7 51 13 54 792 28.3 27
Jennifer Azzi 27 27 138 276 .500 54 124 .436 74 90 .822 404 15.0 37 64 101 3.7 71 1 157 5.8 56 6 46 795 29.4 26
Julie ZeilStra 28 28 164 302 .543 0 2 .000 69 87 .793 397 14.2 77 97 174 6.2 51 0 63 2.3 50 14 26 743 26.5 27
Val Whiting 27 0 135 241 .560 1 3 .333 72 99 .727 343 12.7 83 117 200 7 4 84 5 36 1.3 39 51 31 627 23.2 20
Sonja Henning 28 28 80 183 .437 9 36 .250 53 72 .736 222 7.9 32 79 111 4.0 38 0 191 6.8 50 7 69 861 30.8 23
Chris MacMurdo 23 0 34 70 .486 0 0 .000 17 35 .486 85 3.7 16 37 53 _2.3 25 0 9 0.4 21 10 8 220 9.6 11
Martha Richards 26 0 30 88 .341 12 32 .375 18 23 .783 90 3.5 12 40 52 2.0 42 0 22 0.9 33 2 6 315 12.1 11 |
Stacy Parson 28 1 37 75 .493 1 4 .250 7 8 .875 82 2.9 19 13 32 1.1 29 0 42 1.5 22 1 18 340 12.1 8
Molly Goodenbour « «| 48 .479 10 22 .455 11 13 .846 67 2.8 6 11 17 0.7 31 1 26 1.1 27 3 10 203 8.6 10
Angela Taylor 21 0 5 17 .294 1 2 .500 5 9 .556 16 0.8 6 6 12 0.6 3 0 5 0.2 9 1 5 66 3.1 4
TOTALS 28 28 997 1982 .503 149 356 .419 459 599 766 2602 92.9 436 663 1203 43.0 512 11 645 23.0 403 127 292 - - 113
OPPONENTS 28 28 694 1714 .405 50 170 .294 372 563 .661 1810 64.6 355 535 998 35.6 530 18 396 14.1 562 49 173 - - 91


Complete 1989-90 Stanford Women's Basketball Statistics
3PT 3PT 3PT TOT AVG OFF DEF TOT AVG TOT AVG TOT AVG
PLAYER G GS FG FGA FG% FG FGA FG% FT FTA FT% PTS PTS REB REB REB REB PF D AST AST TO BLK STL MIN MIN HI
Trisha Stevens 28 28 194 354 .548 2 5 .400 81 101 802 471 16.8 66 95 161 5 8 83 2 19 0 7 45 19 19 638 22 8 35
Katy Steeling 28 28 157 328 .479 59 126 .468 52 62 .839 425 15.2 82 104 186 6.6 55 2 75 2.7 51 13 54 792 28.3 27
Jennifer Azzi 27 27 138 276 .500 54 124 .436 74 90 .822 404 15.0 37 64 101 3.7 71 1 157 5.8 56 6 46 795 29.4 26
Julie ZeilStra 28 28 164 302 .543 0 2 .000 69 87 .793 397 14.2 77 97 174 6.2 51 0 63 2.3 50 14 26 743 26.5 27
Val Whiting 27 0 135 241 .560 1 3 .333 72 99 .727 343 12.7 83 117 200 7 4 84 5 36 1.3 39 51 31 627 23.2 20
Sonja Henning 28 28 80 183 .437 9 36 .250 53 72 .736 222 7.9 32 79 111 4.0 38 0 191 6.8 50 7 69 861 30.8 23
Chris MacMurdo 23 0 34 70 .486 0 0 .000 17 35 .486 85 3.7 16 37 53 _2.3 25 0 9 0.4 21 10 8 220 9.6 11
Martha Richards 26 0 30 88 .341 12 32 .375 18 23 .783 90 3.5 12 40 52 2.0 42 0 22 0.9 33 2 6 315 12.1 11 |
Stacy Parson 28 1 37 75 .493 1 4 .250 7 8 .875 82 2.9 19 13 32 1.1 29 0 42 1.5 22 1 18 340 12.1 8
Molly Goodenbour « «| 48 .479 10 22 .455 11 13 .846 67 2.8 6 11 17 0.7 31 1 26 1.1 27 3 10 203 8.6 10
Angela Taylor 21 0 5 17 .294 1 2 .500 5 9 .556 16 0.8 6 6 12 0.6 3 0 5 0.2 9 1 5 66 3.1 4
TOTALS 28 28 997 1982 .503 149 356 .419 459 599 766 2602 92.9 436 663 1203 43.0 512 11 645 23.0 403 127 292 - - 113
OPPONENTS 28 28 694 1714 .405 50 170 .294 372 563 .661 1810 64.6 355 535 998 35.6 530 18 396 14.1 562 49 173 - - 91


Complete 1989-90 Stanford Women's Basketball Statistics
3PT 3PT 3PT TOT AVG OFF DEF TOT AVG TOT AVG TOT AVG
PLAYER G GS FG FGA FG% FG FGA FG% FT FTA FT% PTS PTS REB REB REB REB PF D AST AST TO BLK STL MIN MIN HI
Trisha Stevens 28 28 194 354 .548 2 5 .400 81 101 802 471 16.8 66 95 161 5 8 83 2 19 0 7 45 19 19 638 22 8 35
Katy Steeling 28 28 157 328 .479 59 126 .468 52 62 .839 425 15.2 82 104 186 6.6 55 2 75 2.7 51 13 54 792 28.3 27
Jennifer Azzi 27 27 138 276 .500 54 124 .436 74 90 .822 404 15.0 37 64 101 3.7 71 1 157 5.8 56 6 46 795 29.4 26
Julie ZeilStra 28 28 164 302 .543 0 2 .000 69 87 .793 397 14.2 77 97 174 6.2 51 0 63 2.3 50 14 26 743 26.5 27
Val Whiting 27 0 135 241 .560 1 3 .333 72 99 .727 343 12.7 83 117 200 7 4 84 5 36 1.3 39 51 31 627 23.2 20
Sonja Henning 28 28 80 183 .437 9 36 .250 53 72 .736 222 7.9 32 79 111 4.0 38 0 191 6.8 50 7 69 861 30.8 23
Chris MacMurdo 23 0 34 70 .486 0 0 .000 17 35 .486 85 3.7 16 37 53 _2.3 25 0 9 0.4 21 10 8 220 9.6 11
Martha Richards 26 0 30 88 .341 12 32 .375 18 23 .783 90 3.5 12 40 52 2.0 42 0 22 0.9 33 2 6 315 12.1 11 |
Stacy Parson 28 1 37 75 .493 1 4 .250 7 8 .875 82 2.9 19 13 32 1.1 29 0 42 1.5 22 1 18 340 12.1 8
Molly Goodenbour « «| 48 .479 10 22 .455 11 13 .846 67 2.8 6 11 17 0.7 31 1 26 1.1 27 3 10 203 8.6 10
Angela Taylor 21 0 5 17 .294 1 2 .500 5 9 .556 16 0.8 6 6 12 0.6 3 0 5 0.2 9 1 5 66 3.1 4
TOTALS 28 28 997 1982 .503 149 356 .419 459 599 766 2602 92.9 436 663 1203 43.0 512 11 645 23.0 403 127 292 - - 113
OPPONENTS 28 28 694 1714 .405 50 170 .294 372 563 .661 1810 64.6 355 535 998 35.6 530 18 396 14.1 562 49 173 - - 91


Complete 1989-90 Stanford Women's Basketball Statistics
3PT 3PT 3PT TOT AVG OFF DEF TOT AVG TOT AVG TOT AVG
PLAYER G GS FG FGA FG% FG FGA FG% FT FTA FT% PTS PTS REB REB REB REB PF D AST AST TO BLK STL MIN MIN HI
Trisha Stevens 28 28 194 354 .548 2 5 .400 81 101 802 471 16.8 66 95 161 5 8 83 2 19 0 7 45 19 19 638 22 8 35
Katy Steeling 28 28 157 328 .479 59 126 .468 52 62 .839 425 15.2 82 104 186 6.6 55 2 75 2.7 51 13 54 792 28.3 27
Jennifer Azzi 27 27 138 276 .500 54 124 .436 74 90 .822 404 15.0 37 64 101 3.7 71 1 157 5.8 56 6 46 795 29.4 26
Julie ZeilStra 28 28 164 302 .543 0 2 .000 69 87 .793 397 14.2 77 97 174 6.2 51 0 63 2.3 50 14 26 743 26.5 27
Val Whiting 27 0 135 241 .560 1 3 .333 72 99 .727 343 12.7 83 117 200 7 4 84 5 36 1.3 39 51 31 627 23.2 20
Sonja Henning 28 28 80 183 .437 9 36 .250 53 72 .736 222 7.9 32 79 111 4.0 38 0 191 6.8 50 7 69 861 30.8 23
Chris MacMurdo 23 0 34 70 .486 0 0 .000 17 35 .486 85 3.7 16 37 53 _2.3 25 0 9 0.4 21 10 8 220 9.6 11
Martha Richards 26 0 30 88 .341 12 32 .375 18 23 .783 90 3.5 12 40 52 2.0 42 0 22 0.9 33 2 6 315 12.1 11 |
Stacy Parson 28 1 37 75 .493 1 4 .250 7 8 .875 82 2.9 19 13 32 1.1 29 0 42 1.5 22 1 18 340 12.1 8
Molly Goodenbour « «| 48 .479 10 22 .455 11 13 .846 67 2.8 6 11 17 0.7 31 1 26 1.1 27 3 10 203 8.6 10
Angela Taylor 21 0 5 17 .294 1 2 .500 5 9 .556 16 0.8 6 6 12 0.6 3 0 5 0.2 9 1 5 66 3.1 4
TOTALS 28 28 997 1982 .503 149 356 .419 459 599 766 2602 92.9 436 663 1203 43.0 512 11 645 23.0 403 127 292 - - 113
OPPONENTS 28 28 694 1714 .405 50 170 .294 372 563 .661 1810 64.6 355 535 998 35.6 530 18 396 14.1 562 49 173 - - 91


Complete 1989-90 Stanford Women's Basketball Statistics
3PT 3PT 3PT TOT AVG OFF DEF TOT AVG TOT AVG TOT AVG
PLAYER G GS FG FGA FG% FG FGA FG% FT FTA FT% PTS PTS REB REB REB REB PF D AST AST TO BLK STL MIN MIN HI
Trisha Stevens 28 28 194 354 .548 2 5 .400 81 101 802 471 16.8 66 95 161 5 8 83 2 19 0 7 45 19 19 638 22 8 35
Katy Steeling 28 28 157 328 .479 59 126 .468 52 62 .839 425 15.2 82 104 186 6.6 55 2 75 2.7 51 13 54 792 28.3 27
Jennifer Azzi 27 27 138 276 .500 54 124 .436 74 90 .822 404 15.0 37 64 101 3.7 71 1 157 5.8 56 6 46 795 29.4 26
Julie ZeilStra 28 28 164 302 .543 0 2 .000 69 87 .793 397 14.2 77 97 174 6.2 51 0 63 2.3 50 14 26 743 26.5 27
Val Whiting 27 0 135 241 .560 1 3 .333 72 99 .727 343 12.7 83 117 200 7 4 84 5 36 1.3 39 51 31 627 23.2 20
Sonja Henning 28 28 80 183 .437 9 36 .250 53 72 .736 222 7.9 32 79 111 4.0 38 0 191 6.8 50 7 69 861 30.8 23
Chris MacMurdo 23 0 34 70 .486 0 0 .000 17 35 .486 85 3.7 16 37 53 _2.3 25 0 9 0.4 21 10 8 220 9.6 11
Martha Richards 26 0 30 88 .341 12 32 .375 18 23 .783 90 3.5 12 40 52 2.0 42 0 22 0.9 33 2 6 315 12.1 11 |
Stacy Parson 28 1 37 75 .493 1 4 .250 7 8 .875 82 2.9 19 13 32 1.1 29 0 42 1.5 22 1 18 340 12.1 8
Molly Goodenbour « «| 48 .479 10 22 .455 11 13 .846 67 2.8 6 11 17 0.7 31 1 26 1.1 27 3 10 203 8.6 10
Angela Taylor 21 0 5 17 .294 1 2 .500 5 9 .556 16 0.8 6 6 12 0.6 3 0 5 0.2 9 1 5 66 3.1 4
TOTALS 28 28 997 1982 .503 149 356 .419 459 599 766 2602 92.9 436 663 1203 43.0 512 11 645 23.0 403 127 292 - - 113
OPPONENTS 28 28 694 1714 .405 50 170 .294 372 563 .661 1810 64.6 355 535 998 35.6 530 18 396 14.1 562 49 173 - - 91


Complete 1989-90 Stanford Women's Basketball Statistics
3PT 3PT 3PT TOT AVG OFF DEF TOT AVG TOT AVG TOT AVG
PLAYER G GS FG FGA FG% FG FGA FG% FT FTA FT% PTS PTS REB REB REB REB PF D AST AST TO BLK STL MIN MIN HI
Trisha Stevens 28 28 194 354 .548 2 5 .400 81 101 802 471 16.8 66 95 161 5 8 83 2 19 0 7 45 19 19 638 22 8 35
Katy Steeling 28 28 157 328 .479 59 126 .468 52 62 .839 425 15.2 82 104 186 6.6 55 2 75 2.7 51 13 54 792 28.3 27
Jennifer Azzi 27 27 138 276 .500 54 124 .436 74 90 .822 404 15.0 37 64 101 3.7 71 1 157 5.8 56 6 46 795 29.4 26
Julie ZeilStra 28 28 164 302 .543 0 2 .000 69 87 .793 397 14.2 77 97 174 6.2 51 0 63 2.3 50 14 26 743 26.5 27
Val Whiting 27 0 135 241 .560 1 3 .333 72 99 .727 343 12.7 83 117 200 7 4 84 5 36 1.3 39 51 31 627 23.2 20
Sonja Henning 28 28 80 183 .437 9 36 .250 53 72 .736 222 7.9 32 79 111 4.0 38 0 191 6.8 50 7 69 861 30.8 23
Chris MacMurdo 23 0 34 70 .486 0 0 .000 17 35 .486 85 3.7 16 37 53 _2.3 25 0 9 0.4 21 10 8 220 9.6 11
Martha Richards 26 0 30 88 .341 12 32 .375 18 23 .783 90 3.5 12 40 52 2.0 42 0 22 0.9 33 2 6 315 12.1 11 |
Stacy Parson 28 1 37 75 .493 1 4 .250 7 8 .875 82 2.9 19 13 32 1.1 29 0 42 1.5 22 1 18 340 12.1 8
Molly Goodenbour « «| 48 .479 10 22 .455 11 13 .846 67 2.8 6 11 17 0.7 31 1 26 1.1 27 3 10 203 8.6 10
Angela Taylor 21 0 5 17 .294 1 2 .500 5 9 .556 16 0.8 6 6 12 0.6 3 0 5 0.2 9 1 5 66 3.1 4
TOTALS 28 28 997 1982 .503 149 356 .419 459 599 766 2602 92.9 436 663 1203 43.0 512 11 645 23.0 403 127 292 - - 113
OPPONENTS 28 28 694 1714 .405 50 170 .294 372 563 .661 1810 64.6 355 535 998 35.6 530 18 396 14.1 562 49 173 - - 91


