# From San Francisco.
## 
### 
6 10a 7 27a 7 40a 8 15a
*7 00 *8 03 *8 14 *8 45
15 J8 06 J8 14 J8 45
900 959 10 10 10 48 2 lOp
10 30 11 35 11 45 12 20p
11 30 12 34p 12 46p 1 23p
2 15p 315 327 400
3 30 4 34 4 44 5 15
4 30 5 25 5 35 6 05
*5 00 *5 54 *6 05 *6 38
5 30 6 25 6 36 7 05
*6 15 *7 13 *7 25
6 30 7 35 7 45 8 20
8 00 9 04 9 15
11 30 12 24 12 33 +12 58
* Daily except Sunday. Saturday only,
t Sunday only.
6 10a 7 27a 7 40a 8 15a
*7 00 *8 03 *8 14 *8 45
15 J8 06 J8 14 J8 45
900 959 10 10 10 48 2 lOp
10 30 11 35 11 45 12 20p
11 30 12 34p 12 46p 1 23p
2 15p 315 327 400
3 30 4 34 4 44 5 15
4 30 5 25 5 35 6 05
*5 00 *5 54 *6 05 *6 38
5 30 6 25 6 36 7 05
*6 15 *7 13 *7 25
6 30 7 35 7 45 8 20
8 00 9 04 9 15
11 30 12 24 12 33 +12 58
* Daily except Sunday. Saturday only,
t Sunday only.
6 10a 7 27a 7 40a 8 15a
*7 00 *8 03 *8 14 *8 45
15 J8 06 J8 14 J8 45
900 959 10 10 10 48 2 lOp
10 30 11 35 11 45 12 20p
11 30 12 34p 12 46p 1 23p
2 15p 315 327 400
3 30 4 34 4 44 5 15
4 30 5 25 5 35 6 05
*5 00 *5 54 *6 05 *6 38
5 30 6 25 6 36 7 05
*6 15 *7 13 *7 25
6 30 7 35 7 45 8 20
8 00 9 04 9 15
11 30 12 24 12 33 +12 58
* Daily except Sunday. Saturday only,
t Sunday only.
6 10a 7 27a 7 40a 8 15a
*7 00 *8 03 *8 14 *8 45
15 J8 06 J8 14 J8 45
900 959 10 10 10 48 2 lOp
10 30 11 35 11 45 12 20p
11 30 12 34p 12 46p 1 23p
2 15p 315 327 400
3 30 4 34 4 44 5 15
4 30 5 25 5 35 6 05
*5 00 *5 54 *6 05 *6 38
5 30 6 25 6 36 7 05
*6 15 *7 13 *7 25
6 30 7 35 7 45 8 20
8 00 9 04 9 15
11 30 12 24 12 33 +12 58
* Daily except Sunday. Saturday only,
t Sunday only.
6 10a 7 27a 7 40a 8 15a
*7 00 *8 03 *8 14 *8 45
15 J8 06 J8 14 J8 45
900 959 10 10 10 48 2 lOp
10 30 11 35 11 45 12 20p
11 30 12 34p 12 46p 1 23p
2 15p 315 327 400
3 30 4 34 4 44 5 15
4 30 5 25 5 35 6 05
*5 00 *5 54 *6 05 *6 38
5 30 6 25 6 36 7 05
*6 15 *7 13 *7 25
6 30 7 35 7 45 8 20
8 00 9 04 9 15
11 30 12 24 12 33 +12 58
* Daily except Sunday. Saturday only,
t Sunday only.
6 10a 7 27a 7 40a 8 15a
*7 00 *8 03 *8 14 *8 45
15 J8 06 J8 14 J8 45
900 959 10 10 10 48 2 lOp
10 30 11 35 11 45 12 20p
11 30 12 34p 12 46p 1 23p
2 15p 315 327 400
3 30 4 34 4 44 5 15
4 30 5 25 5 35 6 05
*5 00 *5 54 *6 05 *6 38
5 30 6 25 6 36 7 05
*6 15 *7 13 *7 25
6 30 7 35 7 45 8 20
8 00 9 04 9 15
11 30 12 24 12 33 +12 58
* Daily except Sunday. Saturday only,
t Sunday only.
6 10a 7 27a 7 40a 8 15a
*7 00 *8 03 *8 14 *8 45
15 J8 06 J8 14 J8 45
900 959 10 10 10 48 2 lOp
10 30 11 35 11 45 12 20p
11 30 12 34p 12 46p 1 23p
2 15p 315 327 400
3 30 4 34 4 44 5 15
4 30 5 25 5 35 6 05
*5 00 *5 54 *6 05 *6 38
5 30 6 25 6 36 7 05
*6 15 *7 13 *7 25
6 30 7 35 7 45 8 20
8 00 9 04 9 15
11 30 12 24 12 33 +12 58
* Daily except Sunday. Saturday only,
t Sunday only.
6 10a 7 27a 7 40a 8 15a
*7 00 *8 03 *8 14 *8 45
15 J8 06 J8 14 J8 45
900 959 10 10 10 48 2 lOp
10 30 11 35 11 45 12 20p
11 30 12 34p 12 46p 1 23p
2 15p 315 327 400
3 30 4 34 4 44 5 15
4 30 5 25 5 35 6 05
*5 00 *5 54 *6 05 *6 38
5 30 6 25 6 36 7 05
*6 15 *7 13 *7 25
6 30 7 35 7 45 8 20
8 00 9 04 9 15
11 30 12 24 12 33 +12 58
* Daily except Sunday. Saturday only,
t Sunday only.
