# Stanford 10, SJS 2
## 
### 
Stanford 010 213 300— 10 12 0
SJS 100 100 000 — 2 10 1
Stanford 010 213 300— 10 12 0
SJS 100 100 000 — 2 10 1
Stanford 010 213 300— 10 12 0
SJS 100 100 000 — 2 10 1
Stanford 010 213 300— 10 12 0
SJS 100 100 000 — 2 10 1
Stanford 010 213 300— 10 12 0
SJS 100 100 000 — 2 10 1
Stanford 010 213 300— 10 12 0
SJS 100 100 000 — 2 10 1
Stanford 010 213 300— 10 12 0
SJS 100 100 000 — 2 10 1
Stanford 010 213 300— 10 12 0
SJS 100 100 000 — 2 10 1
Stanford 010 213 300— 10 12 0
SJS 100 100 000 — 2 10 1
Stanford 010 213 300— 10 12 0
SJS 100 100 000 — 2 10 1
Stanford 010 213 300— 10 12 0
SJS 100 100 000 — 2 10 1
Stanford 010 213 300— 10 12 0
SJS 100 100 000 — 2 10 1
Stanford 010 213 300— 10 12 0
SJS 100 100 000 — 2 10 1
Stanford 010 213 300— 10 12 0
SJS 100 100 000 — 2 10 1
