# STANFORD BASEBALL STATISTICS
## 
### 
BATTER AVG. G-HS AB R H 2B 3B HR RBI HP BB SO SB A SH SF
Morton .545 6-4 11 1 6 1 0 0 1 0 5 2 0-0 0 0
Malkasian .500 1-1 2 1 1 0 0 0 1 0 0 0 0-0 0 0
Baker .348 43-34 164 24 57 5 3 2 25 3 14 8 11-16 3 1
Lucich .336 43-31 152 35 51 10 2 10 40 2 27 15 11-15 0 2
Hannaford .319 38-23 119 22 38 3 2 0 11 1 19 5 8-9 2 1
Davis, S. .312 42-30 154 31 48 7 2 3 20 0 18 15 5-11 2 0
Pitchford .309 20-12 55 11 17 4 1 1 10 1 12 7 0-1 3 1
Crosby .304 8-4 23 4 7 2 0 1 4 0 2 6 0-0 0 0
Lamoure .289 30-14 83 17 24 3 3 2 9 0 7 21 5-6 1 1
Hampton .287 40-28 157 28 45 7 3 8 49 1 10 28 8-9 1 6
Bei .283 32-19 106 27 30 4 0 1 15 1 19 23 9-11 2 1
Sullivan .279 30-19 86 12 24 4 0 4 17 0 8 22 0-1 1 0
Robinson .261 36-22 119 22 31 3 2 0 15 0 20 18 5-8 9 1
Burtchaell .216 14-7 37 3 8 1.0 0 4 0 5 9 2-2 1 1
Lockwood .211 14-6 38 3 8 1 0 0 3 1 3 3 0-1 00
STANFORD .287 44 44 1444 264 415 59 18 33 239 14 196 214 65-92 28 17
OPPONENTS .250 44-44 1410 221 353 64 13 22 182 19 202 218 29-49 17 14
PITCHER W-L ERA G GS CG IP R ER BB SO WP HB BK
Davis, B. 0-0 0.00 2 0 0 6-1/3 0 0 3 6 0 0 0
Argust 1-0 0.00 1 0 0 5-1/3 0 0 1 3 0 0 0
Arthur 4-6 2.25 13 11 7 84 32 21 36 45 2 2 1
Williamson 5-3 3.05 12 10 4 65 32 22 30 43 3 7 2
Frost 3-5 3.45 12 12 5 75-2/3 34 29 32 46 7 1 0
Caldwell 1-1 5.79 6 1 0 18-2/3 22 12 12 12 3 0 1
Vandle 3-2 6.23 10 2 0 30-1/3 31 21 29 24 4 1 0
Hittner 3-2 6.30 15 6 1 50 38 35 33 20 4 2 1
Stotz 3-1 8 03 5 1 0 12-1/3 14 11 9 5 1 1 0
Others 0-1 4.57 10 1 0 21-2/3 18 11 17 14 6 5 0
STANFORD 23 21 3.90 44 44 17 369-1/3 221 160 202 218 30 19 5
OPPONENTS 21 23 5.17 44 44 19 367-1/3 264 211 196 214 37 14 2
