# Southern Pacific Time-Table.
## 
### 
Toward San Francisco.
SAN RED- PALO SAN PACIFIC
FRAN. WOOD AT/TO JOSE GROVE
6 36a 5 13a 5 00a 4 30a ....
*6 46 *5 43 *5 30
*8 00 *6 51 *6 40 *6 10
8 36 7 38 7 27 7 00
*9 00 *8 10 *7 57 *7 26
9 40 8 41 8 30 8 00
10 15 8 58 8 45
10 45 9 52 9 43 9 20
12 15 11 22 11 13 10 50
I 20 12 03 11 52 11 20
410 315 3 06p 2 40p 10 00
5 36 4 29 4 18 3 45
6 30 5 13 5 02 4 30
7 30 6 26 6 14 5 36
45 8 26 8 15 7 45
*9 45 *8 26 *8 15
From San Francisco.
6 10a 7 27a 7 40a 8 15a
7 00 8 03 8 14 8 45
900 959 10 10 10 48 2 05p
10 30 11 35 11 45 12 20
II 30 12 34p 12 46p 1 23p
1 30p 230 242 315
3 30 4 34 4 44 5 15
*4 30 *5 25 *5 35 *6 05
5 00 5 54 6 05 6 38
5 30 6 25 6 36 7 05
*6 15 *7 19 *7 30
6 30 7 35 7 45 8 20
8 00 9 04 9 15
11 30 12 24 12 33 112 58
* Daily except Sunday. fSaturday only.
1 Sunday only.
Toward San Francisco.
SAN RED- PALO SAN PACIFIC
FRAN. WOOD AT/TO JOSE GROVE
6 36a 5 13a 5 00a 4 30a ....
*6 46 *5 43 *5 30
*8 00 *6 51 *6 40 *6 10
8 36 7 38 7 27 7 00
*9 00 *8 10 *7 57 *7 26
9 40 8 41 8 30 8 00
10 15 8 58 8 45
10 45 9 52 9 43 9 20
12 15 11 22 11 13 10 50
I 20 12 03 11 52 11 20
410 315 3 06p 2 40p 10 00
5 36 4 29 4 18 3 45
6 30 5 13 5 02 4 30
7 30 6 26 6 14 5 36
45 8 26 8 15 7 45
*9 45 *8 26 *8 15
From San Francisco.
6 10a 7 27a 7 40a 8 15a
7 00 8 03 8 14 8 45
900 959 10 10 10 48 2 05p
10 30 11 35 11 45 12 20
II 30 12 34p 12 46p 1 23p
1 30p 230 242 315
3 30 4 34 4 44 5 15
*4 30 *5 25 *5 35 *6 05
5 00 5 54 6 05 6 38
5 30 6 25 6 36 7 05
*6 15 *7 19 *7 30
6 30 7 35 7 45 8 20
8 00 9 04 9 15
11 30 12 24 12 33 112 58
* Daily except Sunday. fSaturday only.
1 Sunday only.
Toward San Francisco.
SAN RED- PALO SAN PACIFIC
FRAN. WOOD AT/TO JOSE GROVE
6 36a 5 13a 5 00a 4 30a ....
*6 46 *5 43 *5 30
*8 00 *6 51 *6 40 *6 10
8 36 7 38 7 27 7 00
*9 00 *8 10 *7 57 *7 26
9 40 8 41 8 30 8 00
10 15 8 58 8 45
10 45 9 52 9 43 9 20
12 15 11 22 11 13 10 50
I 20 12 03 11 52 11 20
410 315 3 06p 2 40p 10 00
5 36 4 29 4 18 3 45
6 30 5 13 5 02 4 30
7 30 6 26 6 14 5 36
45 8 26 8 15 7 45
*9 45 *8 26 *8 15
From San Francisco.
6 10a 7 27a 7 40a 8 15a
7 00 8 03 8 14 8 45
900 959 10 10 10 48 2 05p
10 30 11 35 11 45 12 20
II 30 12 34p 12 46p 1 23p
1 30p 230 242 315
3 30 4 34 4 44 5 15
*4 30 *5 25 *5 35 *6 05
5 00 5 54 6 05 6 38
5 30 6 25 6 36 7 05
*6 15 *7 19 *7 30
6 30 7 35 7 45 8 20
8 00 9 04 9 15
11 30 12 24 12 33 112 58
* Daily except Sunday. fSaturday only.
1 Sunday only.
Toward San Francisco.
SAN RED- PALO SAN PACIFIC
FRAN. WOOD AT/TO JOSE GROVE
6 36a 5 13a 5 00a 4 30a ....
*6 46 *5 43 *5 30
*8 00 *6 51 *6 40 *6 10
8 36 7 38 7 27 7 00
*9 00 *8 10 *7 57 *7 26
9 40 8 41 8 30 8 00
10 15 8 58 8 45
10 45 9 52 9 43 9 20
12 15 11 22 11 13 10 50
I 20 12 03 11 52 11 20
410 315 3 06p 2 40p 10 00
5 36 4 29 4 18 3 45
6 30 5 13 5 02 4 30
7 30 6 26 6 14 5 36
45 8 26 8 15 7 45
*9 45 *8 26 *8 15
From San Francisco.
6 10a 7 27a 7 40a 8 15a
7 00 8 03 8 14 8 45
900 959 10 10 10 48 2 05p
10 30 11 35 11 45 12 20
II 30 12 34p 12 46p 1 23p
1 30p 230 242 315
3 30 4 34 4 44 5 15
*4 30 *5 25 *5 35 *6 05
5 00 5 54 6 05 6 38
5 30 6 25 6 36 7 05
*6 15 *7 19 *7 30
6 30 7 35 7 45 8 20
8 00 9 04 9 15
11 30 12 24 12 33 112 58
* Daily except Sunday. fSaturday only.
1 Sunday only.
Toward San Francisco.
SAN RED- PALO SAN PACIFIC
FRAN. WOOD AT/TO JOSE GROVE
6 36a 5 13a 5 00a 4 30a ....
*6 46 *5 43 *5 30
*8 00 *6 51 *6 40 *6 10
8 36 7 38 7 27 7 00
*9 00 *8 10 *7 57 *7 26
9 40 8 41 8 30 8 00
10 15 8 58 8 45
10 45 9 52 9 43 9 20
12 15 11 22 11 13 10 50
I 20 12 03 11 52 11 20
410 315 3 06p 2 40p 10 00
5 36 4 29 4 18 3 45
6 30 5 13 5 02 4 30
7 30 6 26 6 14 5 36
45 8 26 8 15 7 45
*9 45 *8 26 *8 15
From San Francisco.
6 10a 7 27a 7 40a 8 15a
7 00 8 03 8 14 8 45
900 959 10 10 10 48 2 05p
10 30 11 35 11 45 12 20
II 30 12 34p 12 46p 1 23p
1 30p 230 242 315
3 30 4 34 4 44 5 15
*4 30 *5 25 *5 35 *6 05
5 00 5 54 6 05 6 38
5 30 6 25 6 36 7 05
*6 15 *7 19 *7 30
6 30 7 35 7 45 8 20
8 00 9 04 9 15
11 30 12 24 12 33 112 58
* Daily except Sunday. fSaturday only.
1 Sunday only.
Toward San Francisco.
SAN RED- PALO SAN PACIFIC
FRAN. WOOD AT/TO JOSE GROVE
6 36a 5 13a 5 00a 4 30a ....
*6 46 *5 43 *5 30
*8 00 *6 51 *6 40 *6 10
8 36 7 38 7 27 7 00
*9 00 *8 10 *7 57 *7 26
9 40 8 41 8 30 8 00
10 15 8 58 8 45
10 45 9 52 9 43 9 20
12 15 11 22 11 13 10 50
I 20 12 03 11 52 11 20
410 315 3 06p 2 40p 10 00
5 36 4 29 4 18 3 45
6 30 5 13 5 02 4 30
7 30 6 26 6 14 5 36
45 8 26 8 15 7 45
*9 45 *8 26 *8 15
From San Francisco.
6 10a 7 27a 7 40a 8 15a
7 00 8 03 8 14 8 45
900 959 10 10 10 48 2 05p
10 30 11 35 11 45 12 20
II 30 12 34p 12 46p 1 23p
1 30p 230 242 315
3 30 4 34 4 44 5 15
*4 30 *5 25 *5 35 *6 05
5 00 5 54 6 05 6 38
5 30 6 25 6 36 7 05
*6 15 *7 19 *7 30
6 30 7 35 7 45 8 20
8 00 9 04 9 15
11 30 12 24 12 33 112 58
* Daily except Sunday. fSaturday only.
1 Sunday only.
Toward San Francisco.
SAN RED- PALO SAN PACIFIC
FRAN. WOOD AT/TO JOSE GROVE
6 36a 5 13a 5 00a 4 30a ....
*6 46 *5 43 *5 30
*8 00 *6 51 *6 40 *6 10
8 36 7 38 7 27 7 00
*9 00 *8 10 *7 57 *7 26
9 40 8 41 8 30 8 00
10 15 8 58 8 45
10 45 9 52 9 43 9 20
12 15 11 22 11 13 10 50
I 20 12 03 11 52 11 20
410 315 3 06p 2 40p 10 00
5 36 4 29 4 18 3 45
6 30 5 13 5 02 4 30
7 30 6 26 6 14 5 36
45 8 26 8 15 7 45
*9 45 *8 26 *8 15
From San Francisco.
6 10a 7 27a 7 40a 8 15a
7 00 8 03 8 14 8 45
900 959 10 10 10 48 2 05p
10 30 11 35 11 45 12 20
II 30 12 34p 12 46p 1 23p
1 30p 230 242 315
3 30 4 34 4 44 5 15
*4 30 *5 25 *5 35 *6 05
5 00 5 54 6 05 6 38
5 30 6 25 6 36 7 05
*6 15 *7 19 *7 30
6 30 7 35 7 45 8 20
8 00 9 04 9 15
11 30 12 24 12 33 112 58
* Daily except Sunday. fSaturday only.
1 Sunday only.
Toward San Francisco.
SAN RED- PALO SAN PACIFIC
FRAN. WOOD AT/TO JOSE GROVE
6 36a 5 13a 5 00a 4 30a ....
*6 46 *5 43 *5 30
*8 00 *6 51 *6 40 *6 10
8 36 7 38 7 27 7 00
*9 00 *8 10 *7 57 *7 26
9 40 8 41 8 30 8 00
10 15 8 58 8 45
10 45 9 52 9 43 9 20
12 15 11 22 11 13 10 50
I 20 12 03 11 52 11 20
410 315 3 06p 2 40p 10 00
5 36 4 29 4 18 3 45
6 30 5 13 5 02 4 30
7 30 6 26 6 14 5 36
45 8 26 8 15 7 45
*9 45 *8 26 *8 15
From San Francisco.
6 10a 7 27a 7 40a 8 15a
7 00 8 03 8 14 8 45
900 959 10 10 10 48 2 05p
10 30 11 35 11 45 12 20
II 30 12 34p 12 46p 1 23p
1 30p 230 242 315
3 30 4 34 4 44 5 15
*4 30 *5 25 *5 35 *6 05
5 00 5 54 6 05 6 38
5 30 6 25 6 36 7 05
*6 15 *7 19 *7 30
6 30 7 35 7 45 8 20
8 00 9 04 9 15
11 30 12 24 12 33 112 58
* Daily except Sunday. fSaturday only.
1 Sunday only.
