# TIME-TABLE.
## 
### 
From San Francisco.
x
7 58a
9 21
11 4f>
12 50j)
U2
*6 45a
8 15
10 40
11 30
*2 30
*3 30
*4 30
5 30
6 30
til 45
ce
8 50a
10 13
12 40p
8 05a
9 28
11 55
12 59 p
3 29
4 42
5 45
6 30
7 50
12 58
8 08a
9 37
11 59
1 02p
3 55
5 30
6 30
7 05
8 30
1 30
4 34
5 34
6 23
7 41
12 50
4 46
5 49
6 33
7 55
1 01
Toward San Francisco
_o
C«
0M
5 00a
<> 40
7 42
8 34
X
5 13a
6 52
7 51
8 44
cc
4 30a
*6 10
*7 15
8 00
9 12
11 25
.
5 05a
6 45
7 45
8 37
9 41
12 04]i
2 09
3 36
5 45
6 36p
6 35a
8 05
8 45
9 45
10 40
1 30p
3 30
5 00
7 00
7 45
11 59
2 05]
3 32
5 40
6 33]
12 14p
2 16
3 43
5 54
6 42]>
z oop
5 00
to 00])
* Daily except Sunday,
t Saturdays only.
