# Southern Pacific Time-Table.
## 
### 
Toward San Francisco.
SAN ItED- PALO SAN PACIFIC
THAN. WOOD ALTO JOSE GHOVK
6 36a 5 13a 5 00a 4 30a
*6 40 *5 43 *5 30
*8 00 *0 61 *6 40 *6 10
8 36 7 41 7 30 7 05
*9 00 *8 10 *7 58 *7 26
10 00 8 47 8 32 8 00
10 45 9 52 9 43 9 20
12 15 11 22 11 13 10 50 620
120 p 12 02 p 11 49 11 15
410 315 3 06p 2 40p 10 00
5 30 4 15 4 02 3 25
6 30 4 57 4 41 4 05
tt7 00 t*s 55 tss 42 tts 05
7 30 6 17 6 07 5 35
$8 30 XI 33 XI 22 J6 50
*9 45 *8 22 *8 09 XI 30
From San Fkancihco.
6 10a 7 35a 7 50a 8 30a
7 00 8 08 8 21 9 00
X7 15 }8 06 $8 14 X9 45
900 959 10 10 10 48 2 20p
10 30 11 40 11 51 12 30
1130 12 44p 12 56p 1 30p ...
+1 30p t2 32 f2 43 t3 20
2 00 3 09 3 21 4 00
3 30 4 31 4 41 5 15 7 50
4 30 5 25 5 35 6 05
*5 00 *5 56 *6 07 *6 40
5 30 6 25 6 36 7 02
*6 15 *7 19 *7 30 ....
6 30 7 35 7 45 8 20
11 45 12 51 101 fl 30
